// MilkShape 3D ASCII

Frames: 30
Frame: 1

Meshes: 2
"Upstanding_Member_Of_The_Commun" 0 -1
0
0
0
"Upstanding_Member_Of_The_Commun" 0 0
100
0 30.516399 -20.925100 0.000000 0.750000 1.000000 -1
0 28.193399 -20.925100 -11.678100 0.812500 1.000000 -1
0 24.211300 -3.716200 -10.028600 0.812500 0.000000 -1
0 26.206100 -3.716200 -0.000000 0.750000 0.000000 -1
0 21.578300 -20.925100 -21.578300 0.875000 1.000000 -1
0 18.530500 -3.716200 -18.530500 0.875000 0.000000 -1
0 11.678100 -20.925100 -28.193399 0.937500 1.000000 -1
0 10.028600 -3.716200 -24.211300 0.937500 0.000000 -1
0 -0.000000 -20.925100 -30.516399 1.000000 1.000000 -1
0 -0.000000 -3.716200 -26.206100 1.000000 0.000000 -1
0 -0.000000 -20.925100 -30.516399 0.000000 1.000000 -1
0 -11.678100 -20.925100 -28.193399 0.062500 1.000000 -1
0 -10.028600 -3.716200 -24.211300 0.062500 0.000000 -1
0 -0.000000 -3.716200 -26.206100 0.000000 0.000000 -1
0 -21.578300 -20.925100 -21.578300 0.125000 1.000000 -1
0 -18.530500 -3.716200 -18.530500 0.125000 0.000000 -1
0 -28.193399 -20.925100 -11.678100 0.187500 1.000000 -1
0 -24.211300 -3.716200 -10.028600 0.187500 0.000000 -1
0 -30.516399 -20.925100 -0.000000 0.250000 1.000000 -1
0 -26.206100 -3.716200 -0.000000 0.250000 0.000000 -1
0 -28.193399 -20.925100 11.678100 0.312500 1.000000 -1
0 -24.211300 -3.716200 10.028600 0.312500 0.000000 -1
0 -21.578300 -20.925100 21.578300 0.375000 1.000000 -1
0 -18.530500 -3.716200 18.530500 0.375000 0.000000 -1
0 -11.678100 -20.925100 28.193399 0.437500 1.000000 -1
0 -10.028600 -3.716200 24.211300 0.437500 0.000000 -1
0 0.000000 -20.925100 30.516399 0.500000 1.000000 -1
0 0.000000 -3.716200 26.206100 0.500000 0.000000 -1
0 11.678100 -20.925100 28.193399 0.562500 1.000000 -1
0 10.028600 -3.716200 24.211300 0.562500 0.000000 -1
0 21.578300 -20.925100 21.578300 0.625000 1.000000 -1
0 18.530500 -3.716200 18.530500 0.625000 0.000000 -1
0 28.193399 -20.925100 11.678100 0.687500 1.000000 -1
0 24.211300 -3.716200 10.028600 0.687500 0.000000 -1
0 28.193399 -20.925100 -11.678100 0.308700 0.038100 -1
0 30.516399 -20.925100 0.000000 0.500000 0.000000 -1
0 0.000000 -20.925100 0.000000 0.500000 0.500000 -1
0 21.578300 -20.925100 -21.578300 0.146400 0.146400 -1
0 11.678100 -20.925100 -28.193399 0.038100 0.308700 -1
0 -0.000000 -20.925100 -30.516399 0.000000 0.500000 -1
0 -11.678100 -20.925100 -28.193399 0.038100 0.691300 -1
0 -21.578300 -20.925100 -21.578300 0.146400 0.853600 -1
0 -28.193399 -20.925100 -11.678100 0.308700 0.961900 -1
0 -30.516399 -20.925100 -0.000000 0.500000 1.000000 -1
0 -28.193399 -20.925100 11.678100 0.691300 0.961900 -1
0 -21.578300 -20.925100 21.578300 0.853600 0.853600 -1
0 -11.678100 -20.925100 28.193399 0.961900 0.691300 -1
0 0.000000 -20.925100 30.516399 1.000000 0.500000 -1
0 11.678100 -20.925100 28.193399 0.961900 0.308700 -1
0 21.578300 -20.925100 21.578300 0.853600 0.146400 -1
0 28.193399 -20.925100 11.678100 0.691300 0.038100 -1
0 26.206100 -3.716200 -0.000000 0.500000 0.000000 -1
0 24.211300 -3.716200 -10.028600 0.308700 0.038100 -1
0 16.140900 -3.716200 -6.685800 0.372400 0.192000 -1
0 17.470699 -3.716200 -0.000000 0.500000 0.166700 -1
0 18.530500 -3.716200 -18.530500 0.146400 0.146400 -1
0 12.353700 -3.716200 -12.353700 0.264300 0.264300 -1
0 10.028600 -3.716200 -24.211300 0.038100 0.308700 -1
0 6.685800 -3.716200 -16.140900 0.192000 0.372400 -1
0 -0.000000 -3.716200 -26.206100 0.000000 0.500000 -1
0 -0.000000 -3.716200 -17.470699 0.166700 0.500000 -1
0 -10.028600 -3.716200 -24.211300 0.038100 0.691300 -1
0 -6.685800 -3.716200 -16.140900 0.192000 0.627600 -1
0 -18.530500 -3.716200 -18.530500 0.146400 0.853600 -1
0 -12.353700 -3.716200 -12.353700 0.264300 0.735700 -1
0 -24.211300 -3.716200 -10.028600 0.308700 0.961900 -1
0 -16.140900 -3.716200 -6.685800 0.372400 0.808000 -1
0 -26.206100 -3.716200 -0.000000 0.500000 1.000000 -1
0 -17.470699 -3.716200 -0.000000 0.500000 0.833300 -1
0 -24.211300 -3.716200 10.028600 0.691300 0.961900 -1
0 -16.140900 -3.716200 6.685800 0.627600 0.808000 -1
0 -18.530500 -3.716200 18.530500 0.853600 0.853600 -1
0 -12.353700 -3.716200 12.353700 0.735700 0.735700 -1
0 -10.028600 -3.716200 24.211300 0.961900 0.691300 -1
0 -6.685800 -3.716200 16.140900 0.808000 0.627600 -1
0 0.000000 -3.716200 26.206100 1.000000 0.500000 -1
0 0.000000 -3.716200 17.470699 0.833300 0.500000 -1
0 10.028600 -3.716200 24.211300 0.961900 0.308700 -1
0 6.685800 -3.716200 16.140900 0.808000 0.372400 -1
0 18.530500 -3.716200 18.530500 0.853600 0.146400 -1
0 12.353700 -3.716200 12.353700 0.735700 0.264300 -1
0 24.211300 -3.716200 10.028600 0.691300 0.038100 -1
0 16.140900 -3.716200 6.685800 0.627600 0.192000 -1
0 8.070400 -8.808000 -3.342900 0.436200 0.346000 -1
0 8.735400 -8.808000 -0.000000 0.500000 0.333300 -1
0 6.176800 -8.808000 -6.176800 0.382100 0.382100 -1
0 3.342900 -8.808000 -8.070400 0.346000 0.436200 -1
0 -0.000000 -8.808000 -8.735400 0.333300 0.500000 -1
0 -3.342900 -8.808000 -8.070400 0.346000 0.563800 -1
0 -6.176800 -8.808000 -6.176800 0.382100 0.617900 -1
0 -8.070400 -8.808000 -3.342900 0.436200 0.654000 -1
0 -8.735400 -8.808000 -0.000000 0.500000 0.666700 -1
0 -8.070400 -8.808000 3.342900 0.563800 0.654000 -1
0 -6.176800 -8.808000 6.176800 0.617900 0.617900 -1
0 -3.342900 -8.808000 8.070400 0.654000 0.563800 -1
0 0.000000 -8.808000 8.735400 0.666700 0.500000 -1
0 3.342900 -8.808000 8.070400 0.654000 0.436200 -1
0 6.176800 -8.808000 6.176800 0.617900 0.382100 -1
0 8.070400 -8.808000 3.342900 0.563800 0.346000 -1
0 0.000000 -10.273100 -0.000000 0.500000 0.500000 -1
50
0.842500 0.538600 -0.000000
0.778400 0.538600 -0.322400
0.595800 0.538600 -0.595800
0.322400 0.538600 -0.778400
-0.000000 0.538600 -0.842500
-0.322400 0.538600 -0.778400
-0.595800 0.538600 -0.595800
-0.778400 0.538600 -0.322400
-0.842500 0.538600 -0.000000
-0.778400 0.538600 0.322400
-0.595800 0.538600 0.595800
-0.322400 0.538600 0.778400
0.000000 0.538600 0.842500
0.322400 0.538600 0.778400
0.595800 0.538600 0.595800
0.778400 0.538600 0.322400
0.000000 -1.000000 -0.000000
0.000000 1.000000 -0.000000
-0.090700 0.995200 0.037600
-0.098200 0.995200 0.000000
-0.069400 0.995200 0.069400
-0.037600 0.995200 0.090700
0.000000 0.995200 0.098200
0.037600 0.995200 0.090700
0.069400 0.995200 0.069400
0.090700 0.995200 0.037600
0.098200 0.995200 0.000000
0.090700 0.995200 -0.037600
0.069400 0.995200 -0.069400
0.037600 0.995200 -0.090700
0.000000 0.995200 -0.098200
-0.037600 0.995200 -0.090700
-0.069400 0.995200 -0.069400
-0.090700 0.995200 -0.037600
-0.142500 0.988000 0.059000
-0.154200 0.988000 0.000000
-0.109100 0.988000 0.109100
-0.059000 0.988000 0.142500
0.000000 0.988000 0.154200
0.059000 0.988000 0.142500
0.109100 0.988000 0.109100
0.142500 0.988000 0.059000
0.154200 0.988000 0.000000
0.142500 0.988000 -0.059000
0.109100 0.988000 -0.109100
0.059000 0.988000 -0.142500
0.000000 0.988000 -0.154200
-0.059000 0.988000 -0.142500
-0.109100 0.988000 -0.109100
-0.142500 0.988000 -0.059000
128
0 0 1 2 0 1 1 8
0 0 2 3 0 1 0 8
0 1 4 5 1 2 2 8
0 1 5 2 1 2 1 8
0 4 6 7 2 3 3 8
0 4 7 5 2 3 2 8
0 6 8 9 3 4 4 8
0 6 9 7 3 4 3 8
0 10 11 12 4 5 5 8
0 10 12 13 4 5 4 8
0 11 14 15 5 6 6 8
0 11 15 12 5 6 5 8
0 14 16 17 6 7 7 8
0 14 17 15 6 7 6 8
0 16 18 19 7 8 8 8
0 16 19 17 7 8 7 8
0 18 20 21 8 9 9 8
0 18 21 19 8 9 8 8
0 20 22 23 9 10 10 8
0 20 23 21 9 10 9 8
0 22 24 25 10 11 11 8
0 22 25 23 10 11 10 8
0 24 26 27 11 12 12 8
0 24 27 25 11 12 11 8
0 26 28 29 12 13 13 8
0 26 29 27 12 13 12 8
0 28 30 31 13 14 14 8
0 28 31 29 13 14 13 8
0 30 32 33 14 15 15 8
0 30 33 31 14 15 14 8
0 32 0 3 15 0 0 8
0 32 3 33 15 0 15 8
0 34 35 36 16 16 16 1
0 37 34 36 16 16 16 1
0 38 37 36 16 16 16 1
0 39 38 36 16 16 16 1
0 40 39 36 16 16 16 1
0 41 40 36 16 16 16 1
0 42 41 36 16 16 16 1
0 43 42 36 16 16 16 1
0 44 43 36 16 16 16 1
0 45 44 36 16 16 16 1
0 46 45 36 16 16 16 1
0 47 46 36 16 16 16 1
0 48 47 36 16 16 16 1
0 49 48 36 16 16 16 1
0 50 49 36 16 16 16 1
0 35 50 36 16 16 16 1
0 51 52 53 17 17 18 1
0 51 53 54 17 18 19 1
0 52 55 56 17 17 20 1
0 52 56 53 17 20 18 1
0 55 57 58 17 17 21 1
0 55 58 56 17 21 20 1
0 57 59 60 17 17 22 1
0 57 60 58 17 22 21 1
0 59 61 62 17 17 23 1
0 59 62 60 17 23 22 1
0 61 63 64 17 17 24 1
0 61 64 62 17 24 23 1
0 63 65 66 17 17 25 1
0 63 66 64 17 25 24 1
0 65 67 68 17 17 26 1
0 65 68 66 17 26 25 1
0 67 69 70 17 17 27 1
0 67 70 68 17 27 26 1
0 69 71 72 17 17 28 1
0 69 72 70 17 28 27 1
0 71 73 74 17 17 29 1
0 71 74 72 17 29 28 1
0 73 75 76 17 17 30 1
0 73 76 74 17 30 29 1
0 75 77 78 17 17 31 1
0 75 78 76 17 31 30 1
0 77 79 80 17 17 32 1
0 77 80 78 17 32 31 1
0 79 81 82 17 17 33 1
0 79 82 80 17 33 32 1
0 81 51 54 17 17 19 1
0 81 54 82 17 19 33 1
0 54 53 83 19 18 34 1
0 54 83 84 19 34 35 1
0 53 56 85 18 20 36 1
0 53 85 83 18 36 34 1
0 56 58 86 20 21 37 1
0 56 86 85 20 37 36 1
0 58 60 87 21 22 38 1
0 58 87 86 21 38 37 1
0 60 62 88 22 23 39 1
0 60 88 87 22 39 38 1
0 62 64 89 23 24 40 1
0 62 89 88 23 40 39 1
0 64 66 90 24 25 41 1
0 64 90 89 24 41 40 1
0 66 68 91 25 26 42 1
0 66 91 90 25 42 41 1
0 68 70 92 26 27 43 1
0 68 92 91 26 43 42 1
0 70 72 93 27 28 44 1
0 70 93 92 27 44 43 1
0 72 74 94 28 29 45 1
0 72 94 93 28 45 44 1
0 74 76 95 29 30 46 1
0 74 95 94 29 46 45 1
0 76 78 96 30 31 47 1
0 76 96 95 30 47 46 1
0 78 80 97 31 32 48 1
0 78 97 96 31 48 47 1
0 80 82 98 32 33 49 1
0 80 98 97 32 49 48 1
0 82 54 84 33 19 35 1
0 82 84 98 33 35 49 1
0 84 83 99 35 34 17 1
0 83 85 99 34 36 17 1
0 85 86 99 36 37 17 1
0 86 87 99 37 38 17 1
0 87 88 99 38 39 17 1
0 88 89 99 39 40 17 1
0 89 90 99 40 41 17 1
0 90 91 99 41 42 17 1
0 91 92 99 42 43 17 1
0 92 93 99 43 44 17 1
0 93 94 99 44 45 17 1
0 94 95 99 45 46 17 1
0 95 96 99 46 47 17 1
0 96 97 99 47 48 17 1
0 97 98 99 48 49 17 1
0 98 84 99 49 35 17 1

Materials: 1
"base.bmp"
0.588200 0.588200 0.588200 1.000000
0.588200 0.588200 0.588200 1.000000
0.000000 0.000000 0.000000 1.000000
0.000000 0.000000 0.000000 1.000000
0.192000
1.000000
"base.bmp"
""

Bones: 0
GroupComments: 0
MaterialComments: 0
BoneComments: 0
ModelComment: 0
