// MilkShape 3D ASCII

Frames: 30
Frame: 1

Meshes: 1
"Auxilary_Incendus" 0 0
246
0 22.393400 12.045000 -19.500601 0.630400 0.730800 -1
0 21.947001 19.238600 -19.315701 0.634000 0.732300 -1
0 23.597401 19.238600 -11.018300 0.671900 0.675700 -1
0 24.080601 12.045000 -11.018300 0.669100 0.672900 -1
0 17.588600 12.045000 -26.691500 0.616800 0.799200 -1
0 17.246901 19.238600 -26.349800 0.620700 0.799200 -1
0 10.397700 12.045000 -31.496300 0.630400 0.867500 -1
0 10.212800 19.238600 -31.049900 0.634000 0.866000 -1
0 1.915500 12.045000 -33.183498 0.669100 0.925400 -1
0 1.915500 19.238600 -32.700298 0.671900 0.922600 -1
0 -6.566800 12.045000 -31.496300 0.727000 0.964100 -1
0 -6.381900 19.238600 -31.049900 0.728500 0.960500 -1
0 -13.757700 12.045000 -26.691500 0.795300 0.977600 -1
0 -13.416000 19.238600 -26.349800 0.795300 0.973800 -1
0 -18.562500 12.045000 -19.500601 0.863600 0.964100 -1
0 -18.116100 19.238600 -19.315701 0.862100 0.960500 -1
0 -20.249701 12.045000 -11.018300 0.921500 0.925400 -1
0 -19.766500 19.238600 -11.018300 0.918800 0.922600 -1
0 -18.562500 12.045000 -2.536100 0.960200 0.867500 -1
0 -18.116100 19.238600 -2.721000 0.956600 0.866000 -1
0 -13.757700 12.045000 4.654800 0.973800 0.799200 -1
0 -13.416000 19.238600 4.313100 0.969900 0.799200 -1
0 -6.566800 12.045000 9.459600 0.960200 0.730800 -1
0 -6.381900 19.238600 9.013200 0.956600 0.732300 -1
0 1.915500 12.045000 11.146800 0.921500 0.672900 -1
0 1.915500 19.238600 10.663600 0.918800 0.675700 -1
0 10.397700 12.045000 9.459600 0.863600 0.634300 -1
0 10.212800 19.238600 9.013200 0.862100 0.637800 -1
0 17.588600 12.045000 4.654800 0.795300 0.620700 -1
0 17.246901 19.238600 4.313100 0.795300 0.624600 -1
0 22.393400 12.045000 -2.536100 0.727000 0.634300 -1
0 21.947001 19.238600 -2.721000 0.728500 0.637800 -1
0 15.971200 65.331398 -11.018300 0.595400 0.821100 -1
0 14.901200 65.331398 -16.397200 0.588900 0.752100 -1
0 10.983900 63.559700 -14.774600 0.537500 0.767400 -1
0 11.731100 63.559700 -11.018300 0.542000 0.815600 -1
0 11.854300 65.331398 -20.957199 0.556600 0.690800 -1
0 8.856200 63.559700 -17.959000 0.514900 0.724600 -1
0 7.294300 65.331398 -24.004101 0.503200 0.646500 -1
0 5.671700 63.559700 -20.086800 0.477700 0.693700 -1
0 1.915500 65.331398 -25.073999 0.437000 0.626100 -1
0 1.915500 63.559700 -20.834000 0.431400 0.679400 -1
0 -3.463400 65.331398 -24.004101 0.367900 0.632500 -1
0 -1.840800 63.559700 -20.086800 0.383200 0.683900 -1
0 -8.023400 65.331398 -20.957199 0.306600 0.664900 -1
0 -5.025200 63.559700 -17.959000 0.340400 0.706500 -1
0 -11.070300 65.331398 -16.397200 0.262400 0.718200 -1
0 -7.153000 63.559700 -14.774600 0.309500 0.743800 -1
0 -12.140200 65.331398 -11.018300 0.241900 0.784500 -1
0 -7.900200 63.559700 -11.018300 0.295200 0.790000 -1
0 -11.070300 65.331398 -5.639500 0.248300 0.853500 -1
0 -7.153000 63.559700 -7.262100 0.299700 0.838200 -1
0 -8.023400 65.331398 -1.079500 0.280700 0.914800 -1
0 -5.025200 63.559700 -4.077600 0.322300 0.881000 -1
0 -3.463400 65.331398 1.967400 0.334100 0.959100 -1
0 -1.840800 63.559700 -1.949900 0.359600 0.911900 -1
0 1.915500 65.331398 3.037400 0.400300 0.979500 -1
0 1.915500 63.559700 -1.202700 0.405800 0.926200 -1
0 7.294300 65.331398 1.967400 0.469300 0.973100 -1
0 5.671700 63.559700 -1.949900 0.454000 0.921700 -1
0 11.854300 65.331398 -1.079500 0.530600 0.940700 -1
0 8.856200 63.559700 -4.077600 0.496800 0.899100 -1
0 14.901200 65.331398 -5.639500 0.574900 0.887400 -1
0 10.983900 63.559700 -7.262100 0.527800 0.861900 -1
0 17.610201 14.600400 -11.018300 0.219900 0.831500 -1
0 16.415501 14.600400 -17.024500 0.199300 0.797600 -1
0 1.915500 8.685800 -11.018300 0.124400 0.866300 -1
0 13.013300 14.600400 -22.116199 0.167400 0.774100 -1
0 7.921600 14.600400 -25.518400 0.128800 0.764700 -1
0 1.915500 14.600400 -26.713100 0.089600 0.770700 -1
0 -4.090700 14.600400 -25.518400 0.055700 0.791300 -1
0 -9.182400 14.600400 -22.116199 0.032200 0.823300 -1
0 -12.584600 14.600400 -17.024500 0.022800 0.861800 -1
0 -13.779300 14.600400 -11.018300 0.028800 0.901000 -1
0 -12.584600 14.600400 -5.012200 0.049400 0.934900 -1
0 -9.182400 14.600400 0.079500 0.081400 0.958400 -1
0 -4.090700 14.600400 3.481700 0.119900 0.967900 -1
0 1.915500 14.600400 4.676400 0.159100 0.961800 -1
0 7.921600 14.600400 3.481700 0.193000 0.941300 -1
0 13.013300 14.600400 0.079500 0.216500 0.909300 -1
0 16.415501 14.600400 -5.012200 0.225900 0.870700 -1
0 1.915500 7.803900 -32.752499 0.671600 0.922900 -1
0 -6.401800 7.803900 -31.098101 0.728400 0.960800 -1
0 -13.452900 7.803900 -26.386700 0.795300 0.974200 -1
0 -18.164301 7.803900 -19.335600 0.862300 0.960800 -1
0 -19.818701 7.803900 -11.018300 0.919100 0.922900 -1
0 -18.164301 7.803900 -2.701000 0.957000 0.866100 -1
0 -13.452900 7.803900 4.350000 0.970300 0.799200 -1
0 -6.401800 7.803900 9.061400 0.957000 0.732200 -1
0 1.915500 7.803900 10.715800 0.919100 0.675400 -1
0 10.232800 7.803900 9.061400 0.862300 0.637500 -1
0 17.283800 7.803900 4.350000 0.795300 0.624100 -1
0 21.995199 7.803900 -2.701000 0.728400 0.637500 -1
0 23.649599 7.803900 -11.018300 0.671600 0.675400 -1
0 21.995199 7.803900 -19.335600 0.633600 0.732200 -1
0 17.283800 7.803900 -26.386700 0.620300 0.799200 -1
0 10.232700 7.803900 -31.098101 0.633600 0.866100 -1
0 1.915500 -0.032700 -29.618500 0.689400 0.905100 -1
0 -5.202500 -0.032700 -28.202700 0.738000 0.937500 -1
0 -5.921100 3.562700 -29.937500 0.732200 0.951500 -1
0 1.915500 3.562700 -31.496300 0.678700 0.915800 -1
0 -11.236900 -0.032700 -24.170700 0.795300 0.948900 -1
0 -12.564600 3.562700 -25.498400 0.795300 0.964100 -1
0 -15.268900 -0.032700 -18.136299 0.852600 0.937500 -1
0 -17.003700 3.562700 -18.854900 0.858400 0.951500 -1
0 -16.684700 -0.032700 -11.018300 0.901200 0.905100 -1
0 -18.562500 3.562700 -11.018300 0.911900 0.915800 -1
0 -15.268900 -0.032700 -3.900300 0.933700 0.856500 -1
0 -17.003700 3.562700 -3.181800 0.947700 0.862300 -1
0 -11.236900 -0.032700 2.134000 0.945100 0.799200 -1
0 -12.564600 3.562700 3.461800 0.960200 0.799200 -1
0 -5.202500 -0.032700 6.166000 0.933700 0.741800 -1
0 -5.921100 3.562700 7.900800 0.947700 0.736000 -1
0 1.915500 -0.032700 7.581900 0.901200 0.693200 -1
0 1.915500 3.562700 9.459600 0.911900 0.682500 -1
0 9.033500 -0.032700 6.166000 0.852600 0.660800 -1
0 9.752000 3.562700 7.900800 0.858400 0.646800 -1
0 15.067800 -0.032700 2.134000 0.795300 0.649400 -1
0 16.395599 3.562700 3.461800 0.795300 0.634300 -1
0 19.099800 -0.032700 -3.900400 0.738000 0.660800 -1
0 20.834600 3.562700 -3.181800 0.732200 0.646800 -1
0 20.515699 -0.032700 -11.018300 0.689400 0.693200 -1
0 22.393400 3.562700 -11.018300 0.678700 0.682500 -1
0 19.099800 -0.032700 -18.136299 0.656900 0.741800 -1
0 20.834600 3.562700 -18.854900 0.643000 0.736000 -1
0 15.067800 -0.032700 -24.170700 0.645500 0.799200 -1
0 16.395500 3.562700 -25.498400 0.630400 0.799200 -1
0 9.033400 -0.032700 -28.202700 0.656900 0.856500 -1
0 9.752000 3.562700 -29.937500 0.643000 0.862300 -1
0 1.915500 -6.030600 -23.680300 0.723200 0.871300 -1
0 -2.930100 -6.030600 -22.716499 0.756300 0.893400 -1
0 -4.082400 -3.628200 -25.498400 0.747000 0.915800 -1
0 1.915500 -3.628200 -26.691500 0.706100 0.888400 -1
0 -7.037900 -6.030600 -19.971701 0.795300 0.901100 -1
0 -9.167100 -3.628200 -22.100901 0.795300 0.925400 -1
0 -9.782700 -6.030600 -15.863900 0.834300 0.893400 -1
0 -12.564600 -3.628200 -17.016199 0.843600 0.915800 -1
0 -10.746500 -6.030600 -11.018300 0.867400 0.871300 -1
0 -13.757700 -3.628200 -11.018300 0.884600 0.888400 -1
0 -9.782700 -6.030600 -6.172800 0.889500 0.838200 -1
0 -12.564600 -3.628200 -5.020500 0.911900 0.847500 -1
0 -7.037900 -6.030600 -2.065000 0.897300 0.799200 -1
0 -9.167100 -3.628200 0.064300 0.921500 0.799200 -1
0 -2.930100 -6.030600 0.679800 0.889500 0.760100 -1
0 -4.082400 -3.628200 3.461800 0.911900 0.750900 -1
0 1.915500 -6.030600 1.643600 0.867400 0.727100 -1
0 1.915500 -3.628200 4.654800 0.884600 0.709900 -1
0 6.761000 -6.030600 0.679800 0.834300 0.705000 -1
0 7.913300 -3.628200 3.461800 0.843600 0.682500 -1
0 10.868800 -6.030600 -2.065000 0.795300 0.697200 -1
0 12.998100 -3.628200 0.064300 0.795300 0.672900 -1
0 13.613600 -6.030600 -6.172800 0.756300 0.705000 -1
0 16.395599 -3.628200 -5.020500 0.747000 0.682500 -1
0 14.577400 -6.030600 -11.018300 0.723200 0.727100 -1
0 17.588600 -3.628200 -11.018300 0.706100 0.709900 -1
0 13.613600 -6.030600 -15.863900 0.701100 0.760100 -1
0 16.395599 -3.628200 -17.016199 0.678700 0.750900 -1
0 10.868800 -6.030600 -19.971701 0.693400 0.799200 -1
0 12.998000 -3.628200 -22.100901 0.669100 0.799200 -1
0 6.761000 -6.030600 -22.716499 0.701100 0.838200 -1
0 7.913300 -3.628200 -25.498400 0.678700 0.847500 -1
0 1.915500 -10.120200 -11.018300 0.795300 0.799200 -1
0 -1.330600 -8.433000 -18.854900 0.769200 0.862300 -1
0 1.915500 -8.433000 -19.500601 0.747000 0.847500 -1
0 -4.082400 -8.433000 -17.016199 0.795300 0.867500 -1
0 -5.921100 -8.433000 -14.264300 0.821500 0.862300 -1
0 -6.566800 -8.433000 -11.018300 0.843600 0.847500 -1
0 -5.921100 -8.433000 -7.772300 0.858400 0.825300 -1
0 -4.082400 -8.433000 -5.020500 0.863600 0.799200 -1
0 -1.330600 -8.433000 -3.181800 0.858400 0.773000 -1
0 1.915500 -8.433000 -2.536100 0.843600 0.750900 -1
0 5.161500 -8.433000 -3.181800 0.821500 0.736000 -1
0 7.913300 -8.433000 -5.020500 0.795300 0.730800 -1
0 9.752000 -8.433000 -7.772300 0.769200 0.736000 -1
0 10.397700 -8.433000 -11.018300 0.747000 0.750900 -1
0 9.752000 -8.433000 -14.264400 0.732200 0.773000 -1
0 7.913300 -8.433000 -17.016199 0.727000 0.799200 -1
0 5.161500 -8.433000 -18.854900 0.732200 0.825300 -1
0 11.731100 63.559700 -11.018300 0.133400 0.018800 -1
0 10.983900 63.559700 -14.774600 0.153700 0.018800 -1
0 16.415501 14.600400 -17.024500 0.153700 0.593300 -1
0 17.610201 14.600400 -11.018300 0.133400 0.593300 -1
0 8.856200 63.559700 -17.959000 0.174000 0.018800 -1
0 13.013300 14.600400 -22.116199 0.174000 0.593300 -1
0 5.671700 63.559700 -20.086800 0.194300 0.018800 -1
0 7.921600 14.600400 -25.518400 0.194300 0.593300 -1
0 1.915500 63.559700 -20.834000 0.214600 0.018800 -1
0 1.915500 14.600400 -26.713100 0.214600 0.593300 -1
0 -1.840800 63.559700 -20.086800 0.234900 0.018800 -1
0 -4.090700 14.600400 -25.518400 0.234900 0.593300 -1
0 -5.025200 63.559700 -17.959000 0.255200 0.018800 -1
0 -9.182400 14.600400 -22.116199 0.255200 0.593300 -1
0 -7.153000 63.559700 -14.774600 0.275500 0.018800 -1
0 -12.584600 14.600400 -17.024500 0.275500 0.593300 -1
0 -7.900200 63.559700 -11.018300 0.295800 0.018800 -1
0 -13.779300 14.600400 -11.018300 0.295800 0.593300 -1
0 -7.153000 63.559700 -7.262100 0.316100 0.018800 -1
0 -12.584600 14.600400 -5.012200 0.316100 0.593300 -1
0 -5.025200 63.559700 -4.077600 0.336400 0.018800 -1
0 -9.182400 14.600400 0.079500 0.336400 0.593300 -1
0 -1.840800 63.559700 -1.949900 0.356700 0.018800 -1
0 -4.090700 14.600400 3.481700 0.356700 0.593300 -1
0 -1.840800 63.559700 -1.949900 0.032000 0.018800 -1
0 1.915500 63.559700 -1.202700 0.052200 0.018800 -1
0 1.915500 14.600400 4.676400 0.052200 0.593300 -1
0 -4.090700 14.600400 3.481700 0.032000 0.593300 -1
0 5.671700 63.559700 -1.949900 0.072500 0.018800 -1
0 7.921600 14.600400 3.481700 0.072500 0.593300 -1
0 8.856200 63.559700 -4.077600 0.092800 0.018800 -1
0 13.013300 14.600400 0.079500 0.092800 0.593300 -1
0 10.983900 63.559700 -7.262100 0.113100 0.018800 -1
0 16.415501 14.600400 -5.012200 0.113100 0.593300 -1
0 14.901200 65.331398 -16.397200 0.699800 0.018700 -1
0 15.971200 65.331398 -11.018300 0.726700 0.018700 -1
0 23.597401 19.238600 -11.018300 0.741500 0.587900 -1
0 21.947001 19.238600 -19.315701 0.707200 0.587900 -1
0 11.854300 65.331398 -20.957199 0.672800 0.018700 -1
0 17.246901 19.238600 -26.349800 0.672800 0.587900 -1
0 7.294300 65.331398 -24.004101 0.645900 0.018700 -1
0 10.212800 19.238600 -31.049900 0.638500 0.587900 -1
0 1.915500 65.331398 -25.073999 0.619000 0.018700 -1
0 1.915500 19.238600 -32.700298 0.604200 0.587900 -1
0 -3.463400 65.331398 -24.004101 0.592100 0.018700 -1
0 -6.381900 19.238600 -31.049900 0.569900 0.587900 -1
0 -8.023400 65.331398 -20.957199 0.565100 0.018700 -1
0 -13.416000 19.238600 -26.349800 0.535600 0.587900 -1
0 -11.070300 65.331398 -16.397200 0.538200 0.018700 -1
0 -18.116100 19.238600 -19.315701 0.501300 0.587900 -1
0 -12.140200 65.331398 -11.018300 0.511300 0.018700 -1
0 -19.766500 19.238600 -11.018300 0.466900 0.587900 -1
0 -11.070300 65.331398 -5.639500 0.484400 0.018700 -1
0 -18.116100 19.238600 -2.721000 0.432600 0.587900 -1
0 -8.023400 65.331398 -1.079500 0.457400 0.018700 -1
0 -13.416000 19.238600 4.313100 0.398300 0.587900 -1
0 -3.463400 65.331398 1.967400 0.861300 0.018700 -1
0 -8.023400 65.331398 -1.079500 0.888300 0.018700 -1
0 -13.416000 19.238600 4.313100 0.947400 0.587900 -1
0 -6.381900 19.238600 9.013200 0.913100 0.587900 -1
0 1.915500 65.331398 3.037400 0.834400 0.018700 -1
0 1.915500 19.238600 10.663600 0.878700 0.587900 -1
0 7.294300 65.331398 1.967400 0.807500 0.018700 -1
0 10.212800 19.238600 9.013200 0.844400 0.587900 -1
0 11.854300 65.331398 -1.079500 0.780500 0.018700 -1
0 17.246901 19.238600 4.313100 0.810100 0.587900 -1
0 14.901200 65.331398 -5.639500 0.753600 0.018700 -1
0 21.947001 19.238600 -2.721000 0.775800 0.587900 -1
194
0.923700 -0.016900 -0.382600
0.917800 0.114600 -0.380200
0.993400 0.114600 -0.000000
0.999900 -0.016900 -0.000000
0.707000 -0.016900 -0.707000
0.702400 0.114600 -0.702500
0.382600 -0.016900 -0.923700
0.380200 0.114600 -0.917800
-0.000000 -0.016900 -0.999900
-0.000000 0.114600 -0.993400
-0.382600 -0.016900 -0.923700
-0.380200 0.114600 -0.917800
-0.707000 -0.016900 -0.707000
-0.702400 0.114600 -0.702400
-0.923700 -0.016900 -0.382600
-0.917800 0.114600 -0.380200
-0.999900 -0.016900 -0.000000
-0.993400 0.114600 -0.000000
-0.923700 -0.016900 0.382600
-0.917800 0.114600 0.380200
-0.707000 -0.016900 0.707000
-0.702400 0.114600 0.702400
-0.382600 -0.016900 0.923700
-0.380200 0.114600 0.917800
-0.000000 -0.016900 0.999900
-0.000000 0.114600 0.993400
0.382600 -0.016900 0.923700
0.380200 0.114600 0.917800
0.707000 -0.016900 0.707000
0.702400 0.114600 0.702400
0.923700 -0.016900 0.382600
0.917800 0.114600 0.380200
0.552400 0.833600 0.000000
0.510300 0.833600 -0.211400
-0.356200 0.922700 0.147500
-0.385500 0.922700 0.000000
0.390600 0.833600 -0.390600
-0.272600 0.922700 0.272600
0.211400 0.833600 -0.510300
-0.147500 0.922700 0.356200
-0.000000 0.833600 -0.552400
0.000000 0.922700 0.385500
-0.211400 0.833600 -0.510300
0.147500 0.922700 0.356200
-0.390600 0.833600 -0.390600
0.272600 0.922700 0.272600
-0.510300 0.833600 -0.211400
0.356200 0.922700 0.147500
-0.552400 0.833600 -0.000000
0.385500 0.922700 -0.000000
-0.510300 0.833600 0.211400
0.356200 0.922700 -0.147500
-0.390600 0.833600 0.390600
0.272600 0.922700 -0.272600
-0.211400 0.833600 0.510300
0.147500 0.922700 -0.356200
-0.000000 0.833600 0.552400
-0.000000 0.922700 -0.385500
0.211400 0.833600 0.510300
-0.147500 0.922700 -0.356200
0.390600 0.833600 0.390600
-0.272600 0.922700 -0.272600
0.510300 0.833600 0.211400
-0.356200 0.922700 -0.147500
-0.873200 0.487400 0.000000
-0.806700 0.487400 0.334100
-0.000000 1.000000 -0.000000
-0.617400 0.487400 0.617400
-0.334100 0.487400 0.806700
-0.000000 0.487400 0.873200
0.334100 0.487400 0.806700
0.617400 0.487400 0.617400
0.806700 0.487400 0.334100
0.873200 0.487400 0.000000
0.806700 0.487400 -0.334100
0.617400 0.487400 -0.617400
0.334100 0.487400 -0.806700
0.000000 0.487400 -0.873200
-0.334100 0.487400 -0.806700
-0.617400 0.487400 -0.617400
-0.806700 0.487400 -0.334100
-0.000000 -0.191200 -0.981500
-0.375600 -0.191200 -0.906800
-0.694100 -0.191200 -0.694100
-0.906800 -0.191200 -0.375600
-0.981500 -0.191200 -0.000000
-0.906800 -0.191200 0.375600
-0.694100 -0.191200 0.694100
-0.375600 -0.191200 0.906800
0.000000 -0.191200 0.981500
0.375600 -0.191200 0.906800
0.694100 -0.191200 0.694100
0.906800 -0.191200 0.375600
0.981500 -0.191200 -0.000000
0.906800 -0.191200 -0.375600
0.694100 -0.191200 -0.694100
0.375600 -0.191200 -0.906800
-0.000000 -0.544200 -0.838900
-0.321000 -0.544200 -0.775100
-0.355400 -0.371100 -0.857900
-0.000000 -0.371100 -0.928600
-0.593200 -0.544200 -0.593200
-0.656600 -0.371100 -0.656600
-0.775100 -0.544200 -0.321000
-0.857900 -0.371100 -0.355400
-0.838900 -0.544200 -0.000000
-0.928600 -0.371100 -0.000000
-0.775100 -0.544200 0.321000
-0.857900 -0.371100 0.355400
-0.593200 -0.544200 0.593200
-0.656600 -0.371100 0.656600
-0.321000 -0.544200 0.775100
-0.355400 -0.371100 0.857900
-0.000000 -0.544200 0.838900
0.000000 -0.371100 0.928600
0.321000 -0.544200 0.775100
0.355400 -0.371100 0.857900
0.593200 -0.544200 0.593200
0.656600 -0.371100 0.656600
0.775100 -0.544200 0.321000
0.857900 -0.371100 0.355400
0.838900 -0.544200 -0.000000
0.928600 -0.371100 -0.000000
0.775100 -0.544200 -0.321000
0.857900 -0.371100 -0.355400
0.593200 -0.544200 -0.593200
0.656600 -0.371100 -0.656600
0.321000 -0.544200 -0.775100
0.355400 -0.371100 -0.857900
-0.000000 -0.822300 -0.569000
-0.217700 -0.822300 -0.525700
-0.271800 -0.704000 -0.656100
-0.000000 -0.704000 -0.710200
-0.402300 -0.822300 -0.402300
-0.502200 -0.704000 -0.502200
-0.525700 -0.822300 -0.217700
-0.656100 -0.704000 -0.271800
-0.569000 -0.822300 -0.000000
-0.710200 -0.704000 -0.000000
-0.525700 -0.822300 0.217700
-0.656100 -0.704000 0.271800
-0.402300 -0.822300 0.402300
-0.502200 -0.704000 0.502200
-0.217700 -0.822300 0.525700
-0.271800 -0.704000 0.656100
-0.000000 -0.822300 0.569000
-0.000000 -0.704000 0.710200
0.217700 -0.822300 0.525700
0.271800 -0.704000 0.656100
0.402300 -0.822300 0.402300
0.502200 -0.704000 0.502200
0.525700 -0.822300 0.217700
0.656100 -0.704000 0.271800
0.569000 -0.822300 -0.000000
0.710200 -0.704000 -0.000000
0.525700 -0.822300 -0.217700
0.656100 -0.704000 -0.271800
0.402300 -0.822300 -0.402300
0.502200 -0.704000 -0.502200
0.217700 -0.822300 -0.525700
0.271800 -0.704000 -0.656100
0.000000 -1.000000 -0.000000
-0.141100 -0.929500 -0.340700
-0.000000 -0.929500 -0.368800
-0.260800 -0.929500 -0.260800
-0.340700 -0.929500 -0.141100
-0.368800 -0.929500 -0.000000
-0.340700 -0.929500 0.141100
-0.260800 -0.929500 0.260800
-0.141100 -0.929500 0.340700
0.000000 -0.929500 0.368800
0.141100 -0.929500 0.340700
0.260800 -0.929500 0.260800
0.340700 -0.929500 0.141100
0.368800 -0.929500 -0.000000
0.340700 -0.929500 -0.141100
0.260800 -0.929500 -0.260800
0.141100 -0.929500 -0.340700
-0.992900 -0.119200 0.000000
-0.917300 -0.119200 0.380000
-0.702100 -0.119200 0.702100
-0.380000 -0.119200 0.917300
-0.000000 -0.119200 0.992900
0.380000 -0.119200 0.917300
0.702100 -0.119200 0.702100
0.917300 -0.119200 0.380000
0.992900 -0.119200 0.000000
0.917300 -0.119200 -0.380000
0.702100 -0.119200 -0.702100
0.380000 -0.119200 -0.917300
0.000000 -0.119200 -0.992900
-0.380000 -0.119200 -0.917300
-0.702100 -0.119200 -0.702100
-0.917300 -0.119200 -0.380000
352
0 0 1 2 0 1 2 1
0 2 3 0 2 3 0 1
0 4 5 1 4 5 1 1
0 1 0 4 1 0 4 1
0 6 7 5 6 7 5 1
0 5 4 6 5 4 6 1
0 8 9 7 8 9 7 1
0 7 6 8 7 6 8 1
0 10 11 9 10 11 9 1
0 9 8 10 9 8 10 1
0 12 13 11 12 13 11 1
0 11 10 12 11 10 12 1
0 14 15 13 14 15 13 1
0 13 12 14 13 12 14 1
0 16 17 15 16 17 15 1
0 15 14 16 15 14 16 1
0 18 19 17 18 19 17 1
0 17 16 18 17 16 18 1
0 20 21 19 20 21 19 1
0 19 18 20 19 18 20 1
0 22 23 21 22 23 21 1
0 21 20 22 21 20 22 1
0 24 25 23 24 25 23 1
0 23 22 24 23 22 24 1
0 26 27 25 26 27 25 1
0 25 24 26 25 24 26 1
0 28 29 27 28 29 27 1
0 27 26 28 27 26 28 1
0 30 31 29 30 31 29 1
0 29 28 30 29 28 30 1
0 3 2 31 3 2 31 1
0 31 30 3 31 30 3 1
0 32 33 34 32 33 34 1
0 34 35 32 34 35 32 1
0 33 36 37 33 36 37 1
0 37 34 33 37 34 33 1
0 36 38 39 36 38 39 1
0 39 37 36 39 37 36 1
0 38 40 41 38 40 41 1
0 41 39 38 41 39 38 1
0 40 42 43 40 42 43 1
0 43 41 40 43 41 40 1
0 42 44 45 42 44 45 1
0 45 43 42 45 43 42 1
0 44 46 47 44 46 47 1
0 47 45 44 47 45 44 1
0 46 48 49 46 48 49 1
0 49 47 46 49 47 46 1
0 48 50 51 48 50 51 1
0 51 49 48 51 49 48 1
0 50 52 53 50 52 53 1
0 53 51 50 53 51 50 1
0 52 54 55 52 54 55 1
0 55 53 52 55 53 52 1
0 54 56 57 54 56 57 1
0 57 55 54 57 55 54 1
0 56 58 59 56 58 59 1
0 59 57 56 59 57 56 1
0 58 60 61 58 60 61 1
0 61 59 58 61 59 58 1
0 60 62 63 60 62 63 1
0 63 61 60 63 61 60 1
0 62 32 35 62 32 35 1
0 35 63 62 35 63 62 1
0 64 65 66 64 65 66 8
0 65 67 66 65 67 66 8
0 67 68 66 67 68 66 8
0 68 69 66 68 69 66 8
0 69 70 66 69 70 66 8
0 70 71 66 70 71 66 8
0 71 72 66 71 72 66 8
0 72 73 66 72 73 66 8
0 73 74 66 73 74 66 8
0 74 75 66 74 75 66 8
0 75 76 66 75 76 66 8
0 76 77 66 76 77 66 8
0 77 78 66 77 78 66 8
0 78 79 66 78 79 66 8
0 79 80 66 79 80 66 8
0 80 64 66 80 64 66 8
0 81 82 10 81 82 10 1
0 10 8 81 10 8 81 1
0 82 83 12 82 83 12 1
0 12 10 82 12 10 82 1
0 83 84 14 83 84 14 1
0 14 12 83 14 12 83 1
0 84 85 16 84 85 16 1
0 16 14 84 16 14 84 1
0 85 86 18 85 86 18 1
0 18 16 85 18 16 85 1
0 86 87 20 86 87 20 1
0 20 18 86 20 18 86 1
0 87 88 22 87 88 22 1
0 22 20 87 22 20 87 1
0 88 89 24 88 89 24 1
0 24 22 88 24 22 88 1
0 89 90 26 89 90 26 1
0 26 24 89 26 24 89 1
0 90 91 28 90 91 28 1
0 28 26 90 28 26 90 1
0 91 92 30 91 92 30 1
0 30 28 91 30 28 91 1
0 92 93 3 92 93 3 1
0 3 30 92 3 30 92 1
0 93 94 0 93 94 0 1
0 0 3 93 0 3 93 1
0 94 95 4 94 95 4 1
0 4 0 94 4 0 94 1
0 95 96 6 95 96 6 1
0 6 4 95 6 4 95 1
0 96 81 8 96 81 8 1
0 8 6 96 8 6 96 1
0 97 98 99 97 98 99 1
0 99 100 97 99 100 97 1
0 98 101 102 98 101 102 1
0 102 99 98 102 99 98 1
0 101 103 104 101 103 104 1
0 104 102 101 104 102 101 1
0 103 105 106 103 105 106 1
0 106 104 103 106 104 103 1
0 105 107 108 105 107 108 1
0 108 106 105 108 106 105 1
0 107 109 110 107 109 110 1
0 110 108 107 110 108 107 1
0 109 111 112 109 111 112 1
0 112 110 109 112 110 109 1
0 111 113 114 111 113 114 1
0 114 112 111 114 112 111 1
0 113 115 116 113 115 116 1
0 116 114 113 116 114 113 1
0 115 117 118 115 117 118 1
0 118 116 115 118 116 115 1
0 117 119 120 117 119 120 1
0 120 118 117 120 118 117 1
0 119 121 122 119 121 122 1
0 122 120 119 122 120 119 1
0 121 123 124 121 123 124 1
0 124 122 121 124 122 121 1
0 123 125 126 123 125 126 1
0 126 124 123 126 124 123 1
0 125 127 128 125 127 128 1
0 128 126 125 128 126 125 1
0 127 97 100 127 97 100 1
0 100 128 127 100 128 127 1
0 129 130 131 129 130 131 1
0 131 132 129 131 132 129 1
0 130 133 134 130 133 134 1
0 134 131 130 134 131 130 1
0 133 135 136 133 135 136 1
0 136 134 133 136 134 133 1
0 135 137 138 135 137 138 1
0 138 136 135 138 136 135 1
0 137 139 140 137 139 140 1
0 140 138 137 140 138 137 1
0 139 141 142 139 141 142 1
0 142 140 139 142 140 139 1
0 141 143 144 141 143 144 1
0 144 142 141 144 142 141 1
0 143 145 146 143 145 146 1
0 146 144 143 146 144 143 1
0 145 147 148 145 147 148 1
0 148 146 145 148 146 145 1
0 147 149 150 147 149 150 1
0 150 148 147 150 148 147 1
0 149 151 152 149 151 152 1
0 152 150 149 152 150 149 1
0 151 153 154 151 153 154 1
0 154 152 151 154 152 151 1
0 153 155 156 153 155 156 1
0 156 154 153 156 154 153 1
0 155 157 158 155 157 158 1
0 158 156 155 158 156 155 1
0 157 159 160 157 159 160 1
0 160 158 157 160 158 157 1
0 159 129 132 159 129 132 1
0 132 160 159 132 160 159 1
0 161 162 163 161 162 163 1
0 161 164 162 161 164 162 1
0 161 165 164 161 165 164 1
0 161 166 165 161 166 165 1
0 161 167 166 161 167 166 1
0 161 168 167 161 168 167 1
0 161 169 168 161 169 168 1
0 161 170 169 161 170 169 1
0 161 171 170 161 171 170 1
0 161 172 171 161 172 171 1
0 161 173 172 161 173 172 1
0 161 174 173 161 174 173 1
0 161 175 174 161 175 174 1
0 161 176 175 161 176 175 1
0 161 177 176 161 177 176 1
0 161 163 177 161 163 177 1
0 178 179 180 178 179 65 8
0 180 181 178 65 64 178 8
0 179 182 183 179 180 67 8
0 183 180 179 67 65 179 8
0 182 184 185 180 181 68 8
0 185 183 182 68 67 180 8
0 184 186 187 181 182 69 8
0 187 185 184 69 68 181 8
0 186 188 189 182 183 70 8
0 189 187 186 70 69 182 8
0 188 190 191 183 184 71 8
0 191 189 188 71 70 183 8
0 190 192 193 184 185 72 8
0 193 191 190 72 71 184 8
0 192 194 195 185 186 73 8
0 195 193 192 73 72 185 8
0 194 196 197 186 187 74 8
0 197 195 194 74 73 186 8
0 196 198 199 187 188 75 8
0 199 197 196 75 74 187 8
0 198 200 201 188 189 76 8
0 201 199 198 76 75 188 8
0 202 203 204 189 190 77 8
0 204 205 202 77 76 189 8
0 203 206 207 190 191 78 8
0 207 204 203 78 77 190 8
0 206 208 209 191 192 79 8
0 209 207 206 79 78 191 8
0 208 210 211 192 193 80 8
0 211 209 208 80 79 192 8
0 210 178 181 193 178 64 8
0 181 211 210 64 80 193 8
0 212 213 214 33 32 2 1
0 214 215 212 2 1 33 1
0 216 212 215 36 33 1 1
0 215 217 216 1 5 36 1
0 218 216 217 38 36 5 1
0 217 219 218 5 7 38 1
0 220 218 219 40 38 7 1
0 219 221 220 7 9 40 1
0 222 220 221 42 40 9 1
0 221 223 222 9 11 42 1
0 224 222 223 44 42 11 1
0 223 225 224 11 13 44 1
0 226 224 225 46 44 13 1
0 225 227 226 13 15 46 1
0 228 226 227 48 46 15 1
0 227 229 228 15 17 48 1
0 230 228 229 50 48 17 1
0 229 231 230 17 19 50 1
0 232 230 231 52 50 19 1
0 231 233 232 19 21 52 1
0 234 235 236 54 52 21 1
0 236 237 234 21 23 54 1
0 238 234 237 56 54 23 1
0 237 239 238 23 25 56 1
0 240 238 239 58 56 25 1
0 239 241 240 25 27 58 1
0 242 240 241 60 58 27 1
0 241 243 242 27 29 60 1
0 244 242 243 62 60 29 1
0 243 245 244 29 31 62 1
0 213 244 245 32 62 31 1
0 245 214 213 31 2 32 1
0 100 99 82 100 99 82 1
0 82 81 100 82 81 100 1
0 99 102 83 99 102 83 1
0 83 82 99 83 82 99 1
0 102 104 84 102 104 84 1
0 84 83 102 84 83 102 1
0 104 106 85 104 106 85 1
0 85 84 104 85 84 104 1
0 106 108 86 106 108 86 1
0 86 85 106 86 85 106 1
0 108 110 87 108 110 87 1
0 87 86 108 87 86 108 1
0 110 112 88 110 112 88 1
0 88 87 110 88 87 110 1
0 112 114 89 112 114 89 1
0 89 88 112 89 88 112 1
0 114 116 90 114 116 90 1
0 90 89 114 90 89 114 1
0 116 118 91 116 118 91 1
0 91 90 116 91 90 116 1
0 118 120 92 118 120 92 1
0 92 91 118 92 91 118 1
0 120 122 93 120 122 93 1
0 93 92 120 93 92 120 1
0 122 124 94 122 124 94 1
0 94 93 122 94 93 122 1
0 124 126 95 124 126 95 1
0 95 94 124 95 94 124 1
0 126 128 96 126 128 96 1
0 96 95 126 96 95 126 1
0 128 100 81 128 100 81 1
0 81 96 128 81 96 128 1
0 132 131 98 132 131 98 1
0 98 97 132 98 97 132 1
0 131 134 101 131 134 101 1
0 101 98 131 101 98 131 1
0 134 136 103 134 136 103 1
0 103 101 134 103 101 134 1
0 136 138 105 136 138 105 1
0 105 103 136 105 103 136 1
0 138 140 107 138 140 107 1
0 107 105 138 107 105 138 1
0 140 142 109 140 142 109 1
0 109 107 140 109 107 140 1
0 142 144 111 142 144 111 1
0 111 109 142 111 109 142 1
0 144 146 113 144 146 113 1
0 113 111 144 113 111 144 1
0 146 148 115 146 148 115 1
0 115 113 146 115 113 146 1
0 148 150 117 148 150 117 1
0 117 115 148 117 115 148 1
0 150 152 119 150 152 119 1
0 119 117 150 119 117 150 1
0 152 154 121 152 154 121 1
0 121 119 152 121 119 152 1
0 154 156 123 154 156 123 1
0 123 121 154 123 121 154 1
0 156 158 125 156 158 125 1
0 125 123 156 125 123 156 1
0 158 160 127 158 160 127 1
0 127 125 158 127 125 158 1
0 160 132 97 160 132 97 1
0 97 127 160 97 127 160 1
0 163 162 130 163 162 130 1
0 130 129 163 130 129 163 1
0 162 164 133 162 164 133 1
0 133 130 162 133 130 162 1
0 164 165 135 164 165 135 1
0 135 133 164 135 133 164 1
0 165 166 137 165 166 137 1
0 137 135 165 137 135 165 1
0 166 167 139 166 167 139 1
0 139 137 166 139 137 166 1
0 167 168 141 167 168 141 1
0 141 139 167 141 139 167 1
0 168 169 143 168 169 143 1
0 143 141 168 143 141 168 1
0 169 170 145 169 170 145 1
0 145 143 169 145 143 169 1
0 170 171 147 170 171 147 1
0 147 145 170 147 145 170 1
0 171 172 149 171 172 149 1
0 149 147 171 149 147 171 1
0 172 173 151 172 173 151 1
0 151 149 172 151 149 172 1
0 173 174 153 173 174 153 1
0 153 151 173 153 151 173 1
0 174 175 155 174 175 155 1
0 155 153 174 155 153 174 1
0 175 176 157 175 176 157 1
0 157 155 175 157 155 175 1
0 176 177 159 176 177 159 1
0 159 157 176 159 157 176 1
0 177 163 129 177 163 129 1
0 129 159 177 129 159 177 1

Materials: 1
"CannonTexture2.bmp"
0.588200 0.588200 0.588200 1.000000
0.588200 0.588200 0.588200 1.000000
0.000000 0.000000 0.000000 1.000000
0.000000 0.000000 0.000000 1.000000
0.192000
1.000000
"CannonTexture2.bmp"
""

Bones: 0
GroupComments: 0
MaterialComments: 0
BoneComments: 0
ModelComment: 0
