// MilkShape 3D ASCII

Frames: 30
Frame: 1

Meshes: 1
"Mr_Madam" 0 -1
160
0 0.000000 134.005707 -0.000000 0.185800 0.042600 -1
0 -0.000000 131.081497 -14.701400 0.185800 0.053500 -1
0 -5.626000 131.081497 -13.582300 0.164700 0.053500 -1
0 -10.395400 131.081497 -10.395400 0.146800 0.053500 -1
0 -13.582300 131.081497 -5.626000 0.134900 0.053500 -1
0 -14.701400 131.081497 -0.000000 0.130700 0.053500 -1
0 0.000000 134.005707 -0.000000 0.608500 0.162400 -1
0 -14.701400 131.081497 -0.000000 0.461800 0.191600 -1
0 -13.582300 131.081497 5.626000 0.473000 0.191600 -1
0 -10.395400 131.081497 10.395400 0.504800 0.191600 -1
0 -5.626000 131.081497 13.582300 0.552400 0.191600 -1
0 0.000000 131.081497 14.701400 0.608500 0.191600 -1
0 5.626000 131.081497 13.582300 0.664700 0.191600 -1
0 10.395400 131.081497 10.395400 0.712300 0.191600 -1
0 13.582300 131.081497 5.626000 0.744100 0.191600 -1
0 14.701400 131.081497 -0.000000 0.755300 0.191600 -1
0 14.701400 131.081497 -0.000000 0.240900 0.053500 -1
0 13.582300 131.081497 -5.626000 0.236700 0.053500 -1
0 10.395400 131.081497 -10.395400 0.224700 0.053500 -1
0 5.626000 131.081497 -13.582300 0.206900 0.053500 -1
0 -10.395400 122.753799 -25.096800 0.146800 0.084700 -1
0 -0.000000 122.753799 -27.164600 0.185800 0.084700 -1
0 -19.208300 122.753799 -19.208300 0.113800 0.084700 -1
0 -25.096800 122.753799 -10.395400 0.091700 0.084700 -1
0 -27.164600 122.753799 -0.000000 0.084000 0.084700 -1
0 -25.096800 122.753799 10.395400 0.358000 0.274800 -1
0 -27.164600 122.753799 -0.000000 0.337400 0.274800 -1
0 -19.208300 122.753799 19.208300 0.416800 0.274800 -1
0 -10.395400 122.753799 25.096800 0.504800 0.274800 -1
0 0.000000 122.753799 27.164600 0.608500 0.274800 -1
0 10.395400 122.753799 25.096800 0.712300 0.274800 -1
0 19.208300 122.753799 19.208300 0.800300 0.274800 -1
0 25.096800 122.753799 10.395400 0.859100 0.274800 -1
0 27.164600 122.753799 -0.000000 0.879700 0.274800 -1
0 25.096800 122.753799 -10.395500 0.279900 0.084700 -1
0 27.164600 122.753799 -0.000000 0.287600 0.084700 -1
0 19.208200 122.753799 -19.208300 0.257800 0.084700 -1
0 10.395400 122.753799 -25.096800 0.224700 0.084700 -1
0 -13.582300 110.290604 -32.790600 0.134900 0.131500 -1
0 -0.000000 110.290604 -35.492199 0.185800 0.131500 -1
0 -25.096800 110.290604 -25.096800 0.091700 0.131500 -1
0 -32.790600 110.290604 -13.582300 0.062900 0.131500 -1
0 -35.492199 110.290604 -0.000000 0.052700 0.131500 -1
0 -32.790600 110.290604 13.582300 0.281200 0.399200 -1
0 -35.492199 110.290604 -0.000000 0.254200 0.399200 -1
0 -25.096800 110.290604 25.096800 0.358000 0.399200 -1
0 -13.582300 110.290604 32.790600 0.473000 0.399200 -1
0 0.000000 110.290604 35.492199 0.608500 0.399200 -1
0 13.582300 110.290604 32.790600 0.744100 0.399200 -1
0 25.096800 110.290604 25.096800 0.859100 0.399200 -1
0 32.790600 110.290604 13.582300 0.935900 0.399200 -1
0 35.492199 110.290604 -0.000000 0.962800 0.399200 -1
0 32.790501 110.290604 -13.582300 0.308700 0.131500 -1
0 35.492199 110.290604 -0.000000 0.318800 0.131500 -1
0 25.096800 110.290604 -25.096800 0.279900 0.131500 -1
0 13.582300 110.290604 -32.790600 0.236700 0.131500 -1
0 -14.701400 95.589203 -35.492199 0.130700 0.186600 -1
0 -0.000000 95.589203 -38.416500 0.185800 0.186600 -1
0 -27.164600 95.589203 -27.164600 0.084000 0.186600 -1
0 -35.492199 95.589203 -14.701400 0.052700 0.186600 -1
0 -38.416500 95.589203 -0.000000 0.041800 0.186600 -1
0 -35.492199 95.589203 14.701400 0.254200 0.545900 -1
0 -38.416500 95.589203 -0.000000 0.225000 0.545900 -1
0 -27.164600 95.589203 27.164600 0.337400 0.545900 -1
0 -14.701400 95.589203 35.492199 0.461800 0.545900 -1
0 0.000000 95.589203 38.416500 0.608500 0.545900 -1
0 14.701400 95.589203 35.492199 0.755300 0.545900 -1
0 27.164600 95.589203 27.164600 0.879700 0.545900 -1
0 35.492298 95.589203 14.701400 0.962800 0.545900 -1
0 38.416500 95.589203 -0.000000 0.992000 0.545900 -1
0 35.492199 95.589203 -14.701400 0.318800 0.186600 -1
0 38.416500 95.589203 -0.000000 0.329800 0.186600 -1
0 27.164600 95.589203 -27.164600 0.287600 0.186600 -1
0 14.701300 95.589203 -35.492298 0.240900 0.186600 -1
0 -13.582300 80.887802 -32.790600 0.134900 0.241700 -1
0 -0.000000 80.887802 -35.492199 0.185800 0.241700 -1
0 -25.096800 80.887802 -25.096800 0.091700 0.241700 -1
0 -32.790600 80.887802 -13.582300 0.062900 0.241700 -1
0 -35.492199 80.887802 -0.000000 0.052700 0.241700 -1
0 -32.790600 80.887802 13.582300 0.281200 0.692700 -1
0 -35.492199 80.887802 -0.000000 0.254200 0.692700 -1
0 -25.096800 80.887802 25.096800 0.358000 0.692700 -1
0 -13.582300 80.887802 32.790600 0.473000 0.692700 -1
0 0.000000 80.887802 35.492199 0.608500 0.692700 -1
0 13.582300 80.887802 32.790600 0.744100 0.692700 -1
0 25.096800 80.887802 25.096800 0.859100 0.692700 -1
0 32.790600 80.887802 13.582300 0.935900 0.692700 -1
0 35.492199 80.887802 -0.000000 0.962800 0.692700 -1
0 32.790501 80.887802 -13.582300 0.308700 0.241700 -1
0 35.492199 80.887802 -0.000000 0.318800 0.241700 -1
0 25.096800 80.887802 -25.096800 0.279900 0.241700 -1
0 13.582300 80.887802 -32.790600 0.236700 0.241700 -1
0 -10.395400 68.424599 -25.096800 0.146800 0.288400 -1
0 -0.000000 68.424599 -27.164600 0.185800 0.288400 -1
0 -19.208300 68.424599 -19.208300 0.113800 0.288400 -1
0 -25.096800 68.424599 -10.395400 0.091700 0.288400 -1
0 -27.164600 68.424599 -0.000000 0.084000 0.288400 -1
0 -25.096800 68.424599 10.395400 0.358000 0.817100 -1
0 -27.164600 68.424599 -0.000000 0.337400 0.817100 -1
0 -19.208300 68.424599 19.208300 0.416800 0.817100 -1
0 -10.395400 68.424599 25.096800 0.504800 0.817100 -1
0 0.000000 68.424599 27.164600 0.608500 0.817100 -1
0 10.395400 68.424599 25.096800 0.712300 0.817100 -1
0 19.208300 68.424599 19.208300 0.800300 0.817100 -1
0 25.096800 68.424599 10.395400 0.859100 0.817100 -1
0 27.164600 68.424599 -0.000000 0.879700 0.817100 -1
0 25.096800 68.424599 -10.395500 0.279900 0.288400 -1
0 27.164600 68.424599 -0.000000 0.287600 0.288400 -1
0 19.208200 68.424599 -19.208300 0.257800 0.288400 -1
0 10.395400 68.424599 -25.096800 0.224700 0.288400 -1
0 -5.626000 60.097000 -13.582300 0.164700 0.319600 -1
0 -0.000000 60.097000 -14.701400 0.185800 0.319600 -1
0 -10.395400 60.097000 -10.395400 0.146800 0.319600 -1
0 -13.582300 60.097000 -5.626000 0.134900 0.319600 -1
0 -14.701400 60.097000 -0.000000 0.130700 0.319600 -1
0 -13.582300 60.097000 5.626000 0.473000 0.900200 -1
0 -14.701400 60.097000 -0.000000 0.461800 0.900200 -1
0 -10.395400 60.097000 10.395400 0.504800 0.900200 -1
0 -5.626000 60.097000 13.582300 0.552400 0.900200 -1
0 0.000000 60.097000 14.701400 0.608500 0.900200 -1
0 5.626000 60.097000 13.582300 0.664700 0.900200 -1
0 10.395400 60.097000 10.395400 0.712300 0.900200 -1
0 13.582300 60.097000 5.626000 0.744100 0.900200 -1
0 14.701400 60.097000 -0.000000 0.755300 0.900200 -1
0 13.582300 60.097000 -5.626000 0.236700 0.319600 -1
0 14.701400 60.097000 -0.000000 0.240900 0.319600 -1
0 10.395400 60.097000 -10.395400 0.224700 0.319600 -1
0 5.626000 60.097000 -13.582300 0.206900 0.319600 -1
0 33.540600 0.000000 -13.893000 0.313900 0.961200 -1
0 13.582300 60.097000 -5.626000 0.233100 0.717900 -1
0 14.701400 60.097000 -0.000000 0.237700 0.717900 -1
0 36.304100 0.000000 -0.000000 0.325100 0.961200 -1
0 25.670900 0.000000 -25.670900 0.282100 0.961200 -1
0 10.395400 60.097000 -10.395400 0.220300 0.717900 -1
0 13.893000 0.000000 -33.540600 0.234400 0.961200 -1
0 5.626000 60.097000 -13.582300 0.200900 0.717900 -1
0 -0.000000 0.000000 -36.304100 0.178200 0.961200 -1
0 -0.000000 60.097000 -14.701400 0.178200 0.717900 -1
0 -13.893000 0.000000 -33.540600 0.122000 0.961200 -1
0 -5.626000 60.097000 -13.582300 0.155400 0.717900 -1
0 -25.670900 0.000000 -25.670900 0.074300 0.961200 -1
0 -10.395400 60.097000 -10.395400 0.136100 0.717900 -1
0 -33.540600 0.000000 -13.893000 0.042400 0.961200 -1
0 -13.582300 60.097000 -5.626000 0.123200 0.717900 -1
0 -36.304100 0.000000 -0.000000 0.031200 0.961200 -1
0 -14.701400 60.097000 -0.000000 0.118700 0.717900 -1
0 -33.540600 0.000000 13.893000 0.042400 0.961200 -1
0 -13.582300 60.097000 5.626000 0.123200 0.717900 -1
0 -25.670900 0.000000 25.670900 0.074300 0.961200 -1
0 -10.395400 60.097000 10.395400 0.136100 0.717900 -1
0 -13.893000 0.000000 33.540600 0.122000 0.961200 -1
0 -5.626000 60.097000 13.582300 0.155400 0.717900 -1
0 0.000000 0.000000 36.304100 0.178200 0.961200 -1
0 0.000000 60.097000 14.701400 0.178200 0.717900 -1
0 13.893000 0.000000 33.540600 0.234400 0.961200 -1
0 5.626000 60.097000 13.582300 0.200900 0.717900 -1
0 25.670900 0.000000 25.670900 0.282100 0.961200 -1
0 10.395400 60.097000 10.395400 0.220300 0.717900 -1
0 33.540600 0.000000 13.893000 0.313900 0.961200 -1
0 13.582300 60.097000 5.626000 0.233100 0.717900 -1
130
0.000000 1.000000 0.000000
-0.000000 0.915200 -0.403100
-0.154300 0.915200 -0.372400
-0.285000 0.915200 -0.285000
-0.372400 0.915200 -0.154300
-0.403100 0.915200 -0.000000
-0.372400 0.915200 0.154300
-0.285000 0.915200 0.285000
-0.154300 0.915200 0.372400
-0.000000 0.915200 0.403100
0.154300 0.915200 0.372400
0.285000 0.915200 0.285000
0.372400 0.915200 0.154300
0.403100 0.915200 -0.000000
0.372400 0.915200 -0.154300
0.285000 0.915200 -0.285000
0.154300 0.915200 -0.372400
-0.275100 0.695200 -0.664100
-0.000000 0.695200 -0.718900
-0.508300 0.695200 -0.508300
-0.664100 0.695200 -0.275100
-0.718900 0.695200 -0.000000
-0.664100 0.695200 0.275100
-0.508300 0.695200 0.508300
-0.275100 0.695200 0.664100
0.000000 0.695200 0.718900
0.275100 0.695200 0.664100
0.508300 0.695200 0.508300
0.664100 0.695200 0.275100
0.718900 0.695200 -0.000000
0.664100 0.695200 -0.275100
0.508300 0.695200 -0.508300
0.275100 0.695200 -0.664100
-0.354900 0.374400 -0.856700
-0.000000 0.374400 -0.927300
-0.655700 0.374400 -0.655700
-0.856700 0.374400 -0.354900
-0.927300 0.374400 -0.000000
-0.856700 0.374400 0.354900
-0.655700 0.374400 0.655700
-0.354900 0.374400 0.856700
0.000000 0.374400 0.927300
0.354900 0.374400 0.856700
0.655700 0.374400 0.655700
0.856700 0.374400 0.354900
0.927300 0.374400 -0.000000
0.856700 0.374400 -0.354900
0.655700 0.374400 -0.655700
0.354900 0.374400 -0.856700
-0.382700 -0.000000 -0.923900
-0.000000 -0.000000 -1.000000
-0.707100 -0.000000 -0.707100
-0.923900 -0.000000 -0.382700
-1.000000 -0.000000 -0.000000
-0.923900 -0.000000 0.382700
-0.707100 -0.000000 0.707100
-0.382700 -0.000000 0.923900
-0.000000 -0.000000 1.000000
0.382700 -0.000000 0.923900
0.707100 -0.000000 0.707100
0.923900 -0.000000 0.382700
1.000000 -0.000000 -0.000000
0.923900 -0.000000 -0.382700
0.707100 -0.000000 -0.707100
0.382700 -0.000000 -0.923900
-0.354900 -0.374400 -0.856700
-0.000000 -0.374400 -0.927300
-0.655700 -0.374400 -0.655700
-0.856700 -0.374400 -0.354900
-0.927300 -0.374400 -0.000000
-0.856700 -0.374400 0.354900
-0.655700 -0.374400 0.655700
-0.354900 -0.374400 0.856700
-0.000000 -0.374400 0.927300
0.354900 -0.374400 0.856700
0.655700 -0.374400 0.655700
0.856700 -0.374400 0.354900
0.927300 -0.374400 -0.000000
0.856700 -0.374400 -0.354900
0.655700 -0.374400 -0.655700
0.354900 -0.374400 -0.856700
-0.275100 -0.695200 -0.664100
-0.000000 -0.695200 -0.718900
-0.508300 -0.695200 -0.508300
-0.664100 -0.695200 -0.275100
-0.718900 -0.695200 -0.000000
-0.664100 -0.695200 0.275100
-0.508300 -0.695200 0.508300
-0.275100 -0.695200 0.664100
0.000000 -0.695200 0.718900
0.275100 -0.695200 0.664100
0.508300 -0.695200 0.508300
0.664100 -0.695200 0.275100
0.718900 -0.695200 -0.000000
0.664100 -0.695200 -0.275100
0.508300 -0.695200 -0.508300
0.275100 -0.695200 -0.664100
-0.212600 -0.831500 -0.513300
-0.000000 -0.831500 -0.555600
-0.392800 -0.831500 -0.392800
-0.513300 -0.831500 -0.212600
-0.555600 -0.831500 -0.000000
-0.513300 -0.831500 0.212600
-0.392800 -0.831500 0.392800
-0.212600 -0.831500 0.513300
-0.000000 -0.831500 0.555600
0.212600 -0.831500 0.513300
0.392800 -0.831500 0.392800
0.513300 -0.831500 0.212600
0.555600 -0.831500 -0.000000
0.513300 -0.831500 -0.212600
0.392800 -0.831500 -0.392800
0.212600 -0.831500 -0.513300
0.869400 0.338300 -0.360100
0.941000 0.338300 -0.000000
0.665400 0.338300 -0.665400
0.360100 0.338300 -0.869400
-0.000000 0.338300 -0.941000
-0.360100 0.338300 -0.869400
-0.665400 0.338300 -0.665400
-0.869400 0.338300 -0.360100
-0.941000 0.338300 -0.000000
-0.869400 0.338300 0.360100
-0.665400 0.338300 0.665400
-0.360100 0.338300 0.869400
0.000000 0.338300 0.941000
0.360100 0.338300 0.869400
0.665400 0.338300 0.665400
0.869400 0.338300 0.360100
0.000000 -1.000000 -0.000000
254
0 0 1 2 0 1 2 1
0 0 2 3 0 2 3 1
0 0 3 4 0 3 4 1
0 0 4 5 0 4 5 1
0 6 7 8 0 5 6 1
0 6 8 9 0 6 7 1
0 6 9 10 0 7 8 1
0 6 10 11 0 8 9 1
0 6 11 12 0 9 10 1
0 6 12 13 0 10 11 1
0 6 13 14 0 11 12 1
0 6 14 15 0 12 13 1
0 0 16 17 0 13 14 1
0 0 17 18 0 14 15 1
0 0 18 19 0 15 16 1
0 0 19 1 0 16 1 1
0 20 2 1 17 2 1 1
0 1 21 20 1 18 17 1
0 22 3 2 19 3 2 1
0 2 20 22 2 17 19 1
0 23 4 3 20 4 3 1
0 3 22 23 3 19 20 1
0 24 5 4 21 5 4 1
0 4 23 24 4 20 21 1
0 25 8 7 22 6 5 1
0 7 26 25 5 21 22 1
0 27 9 8 23 7 6 1
0 8 25 27 6 22 23 1
0 28 10 9 24 8 7 1
0 9 27 28 7 23 24 1
0 29 11 10 25 9 8 1
0 10 28 29 8 24 25 1
0 30 12 11 26 10 9 1
0 11 29 30 9 25 26 1
0 31 13 12 27 11 10 1
0 12 30 31 10 26 27 1
0 32 14 13 28 12 11 1
0 13 31 32 11 27 28 1
0 33 15 14 29 13 12 1
0 14 32 33 12 28 29 1
0 34 17 16 30 14 13 1
0 16 35 34 13 29 30 1
0 36 18 17 31 15 14 1
0 17 34 36 14 30 31 1
0 37 19 18 32 16 15 1
0 18 36 37 15 31 32 1
0 21 1 19 18 1 16 1
0 19 37 21 16 32 18 1
0 38 20 21 33 17 18 1
0 21 39 38 18 34 33 1
0 40 22 20 35 19 17 1
0 20 38 40 17 33 35 1
0 41 23 22 36 20 19 1
0 22 40 41 19 35 36 1
0 42 24 23 37 21 20 1
0 23 41 42 20 36 37 1
0 43 25 26 38 22 21 1
0 26 44 43 21 37 38 1
0 45 27 25 39 23 22 1
0 25 43 45 22 38 39 1
0 46 28 27 40 24 23 1
0 27 45 46 23 39 40 1
0 47 29 28 41 25 24 1
0 28 46 47 24 40 41 1
0 48 30 29 42 26 25 1
0 29 47 48 25 41 42 1
0 49 31 30 43 27 26 1
0 30 48 49 26 42 43 1
0 50 32 31 44 28 27 1
0 31 49 50 27 43 44 1
0 51 33 32 45 29 28 1
0 32 50 51 28 44 45 1
0 52 34 35 46 30 29 1
0 35 53 52 29 45 46 1
0 54 36 34 47 31 30 1
0 34 52 54 30 46 47 1
0 55 37 36 48 32 31 1
0 36 54 55 31 47 48 1
0 39 21 37 34 18 32 1
0 37 55 39 32 48 34 1
0 56 38 39 49 33 34 1
0 39 57 56 34 50 49 1
0 58 40 38 51 35 33 1
0 38 56 58 33 49 51 1
0 59 41 40 52 36 35 1
0 40 58 59 35 51 52 1
0 60 42 41 53 37 36 1
0 41 59 60 36 52 53 1
0 61 43 44 54 38 37 1
0 44 62 61 37 53 54 1
0 63 45 43 55 39 38 1
0 43 61 63 38 54 55 1
0 64 46 45 56 40 39 1
0 45 63 64 39 55 56 1
0 65 47 46 57 41 40 1
0 46 64 65 40 56 57 1
0 66 48 47 58 42 41 1
0 47 65 66 41 57 58 1
0 67 49 48 59 43 42 1
0 48 66 67 42 58 59 1
0 68 50 49 60 44 43 1
0 49 67 68 43 59 60 1
0 69 51 50 61 45 44 1
0 50 68 69 44 60 61 1
0 70 52 53 62 46 45 1
0 53 71 70 45 61 62 1
0 72 54 52 63 47 46 1
0 52 70 72 46 62 63 1
0 73 55 54 64 48 47 1
0 54 72 73 47 63 64 1
0 57 39 55 50 34 48 1
0 55 73 57 48 64 50 1
0 74 56 57 65 49 50 1
0 57 75 74 50 66 65 1
0 76 58 56 67 51 49 1
0 56 74 76 49 65 67 1
0 77 59 58 68 52 51 1
0 58 76 77 51 67 68 1
0 78 60 59 69 53 52 1
0 59 77 78 52 68 69 1
0 79 61 62 70 54 53 1
0 62 80 79 53 69 70 1
0 81 63 61 71 55 54 1
0 61 79 81 54 70 71 1
0 82 64 63 72 56 55 1
0 63 81 82 55 71 72 1
0 83 65 64 73 57 56 1
0 64 82 83 56 72 73 1
0 84 66 65 74 58 57 1
0 65 83 84 57 73 74 1
0 85 67 66 75 59 58 1
0 66 84 85 58 74 75 1
0 86 68 67 76 60 59 1
0 67 85 86 59 75 76 1
0 87 69 68 77 61 60 1
0 68 86 87 60 76 77 1
0 88 70 71 78 62 61 1
0 71 89 88 61 77 78 1
0 90 72 70 79 63 62 1
0 70 88 90 62 78 79 1
0 91 73 72 80 64 63 1
0 72 90 91 63 79 80 1
0 75 57 73 66 50 64 1
0 73 91 75 64 80 66 1
0 92 74 75 81 65 66 1
0 75 93 92 66 82 81 1
0 94 76 74 83 67 65 1
0 74 92 94 65 81 83 1
0 95 77 76 84 68 67 1
0 76 94 95 67 83 84 1
0 96 78 77 85 69 68 1
0 77 95 96 68 84 85 1
0 97 79 80 86 70 69 1
0 80 98 97 69 85 86 1
0 99 81 79 87 71 70 1
0 79 97 99 70 86 87 1
0 100 82 81 88 72 71 1
0 81 99 100 71 87 88 1
0 101 83 82 89 73 72 1
0 82 100 101 72 88 89 1
0 102 84 83 90 74 73 1
0 83 101 102 73 89 90 1
0 103 85 84 91 75 74 1
0 84 102 103 74 90 91 1
0 104 86 85 92 76 75 1
0 85 103 104 75 91 92 1
0 105 87 86 93 77 76 1
0 86 104 105 76 92 93 1
0 106 88 89 94 78 77 1
0 89 107 106 77 93 94 1
0 108 90 88 95 79 78 1
0 88 106 108 78 94 95 1
0 109 91 90 96 80 79 1
0 90 108 109 79 95 96 1
0 93 75 91 82 66 80 1
0 91 109 93 80 96 82 1
0 110 92 93 97 81 82 1
0 93 111 110 82 98 97 1
0 112 94 92 99 83 81 1
0 92 110 112 81 97 99 1
0 113 95 94 100 84 83 1
0 94 112 113 83 99 100 1
0 114 96 95 101 85 84 1
0 95 113 114 84 100 101 1
0 115 97 98 102 86 85 1
0 98 116 115 85 101 102 1
0 117 99 97 103 87 86 1
0 97 115 117 86 102 103 1
0 118 100 99 104 88 87 1
0 99 117 118 87 103 104 1
0 119 101 100 105 89 88 1
0 100 118 119 88 104 105 1
0 120 102 101 106 90 89 1
0 101 119 120 89 105 106 1
0 121 103 102 107 91 90 1
0 102 120 121 90 106 107 1
0 122 104 103 108 92 91 1
0 103 121 122 91 107 108 1
0 123 105 104 109 93 92 1
0 104 122 123 92 108 109 1
0 124 106 107 110 94 93 1
0 107 125 124 93 109 110 1
0 126 108 106 111 95 94 1
0 106 124 126 94 110 111 1
0 127 109 108 112 96 95 1
0 108 126 127 95 111 112 1
0 111 93 109 98 82 96 1
0 109 127 111 96 112 98 1
0 128 129 130 113 113 114 8
0 130 131 128 114 114 113 8
0 132 133 129 115 115 113 8
0 129 128 132 113 113 115 8
0 134 135 133 116 116 115 8
0 133 132 134 115 115 116 8
0 136 137 135 117 117 116 8
0 135 134 136 116 116 117 8
0 138 139 137 118 118 117 8
0 137 136 138 117 117 118 8
0 140 141 139 119 119 118 8
0 139 138 140 118 118 119 8
0 142 143 141 120 120 119 8
0 141 140 142 119 119 120 8
0 144 145 143 121 121 120 8
0 143 142 144 120 120 121 8
0 146 147 145 122 122 121 8
0 145 144 146 121 121 122 8
0 148 149 147 123 123 122 8
0 147 146 148 122 122 123 8
0 150 151 149 124 124 123 8
0 149 148 150 123 123 124 8
0 152 153 151 125 125 124 8
0 151 150 152 124 124 125 8
0 154 155 153 126 126 125 8
0 153 152 154 125 125 126 8
0 156 157 155 127 127 126 8
0 155 154 156 126 126 127 8
0 158 159 157 128 128 127 8
0 157 156 158 127 127 128 8
0 131 130 159 114 114 128 8
0 159 158 131 128 128 114 8
0 156 154 152 129 129 129 1
0 152 150 148 129 129 129 1
0 148 146 144 129 129 129 1
0 152 148 144 129 129 129 1
0 144 142 140 129 129 129 1
0 140 138 136 129 129 129 1
0 144 140 136 129 129 129 1
0 136 134 132 129 129 129 1
0 132 128 131 129 129 129 1
0 136 132 131 129 129 129 1
0 144 136 131 129 129 129 1
0 152 144 131 129 129 129 1
0 156 152 131 129 129 129 1
0 158 156 131 129 129 129 1

Materials: 1
"person.bmp"
0.588200 0.588200 0.588200 1.000000
0.588200 0.588200 0.588200 1.000000
0.000000 0.000000 0.000000 1.000000
0.000000 0.000000 0.000000 1.000000
0.192000
1.000000
"person.bmp"
""

Bones: 0
GroupComments: 0
MaterialComments: 0
BoneComments: 0
ModelComment: 0
