// MilkShape 3D ASCII

Frames: 30
Frame: 1

Meshes: 1
"skin" 0 0
619
0 12.111100 0.776300 -4.031300 0.406300 0.568600 4
0 11.566400 7.533000 -1.679900 0.414100 0.466700 3
0 12.642300 0.757600 -2.291300 0.390600 0.556900 4
0 12.996400 1.398500 -1.151100 0.375000 0.541200 4
0 13.241000 2.888900 3.576600 0.363300 0.478400 5
0 13.935200 0.564200 3.345800 0.332000 0.545100 5
0 13.539800 1.884600 6.157800 0.332000 0.494100 7
0 14.022700 0.355300 5.991500 0.296900 0.529400 6
0 12.812100 1.288600 7.927600 0.293000 0.482400 7
0 13.381400 0.363500 7.817300 0.277300 0.513700 7
0 10.665300 1.255200 8.267600 0.293000 0.482400 7
0 10.389900 -0.407900 8.267000 0.277300 0.513700 7
0 9.643000 2.273700 6.657900 0.332000 0.494100 7
0 9.679600 -0.756000 6.646900 0.296900 0.529400 7
0 9.114900 3.542100 4.196900 0.363300 0.478400 5
0 9.156000 -0.664600 4.065400 0.332000 0.545100 5
0 8.828700 6.833900 -1.301700 0.414100 0.466700 3
0 9.053600 0.378100 -0.561400 0.375000 0.541200 4
0 9.193200 -0.124900 -1.781600 0.390600 0.556900 4
0 -8.599500 -0.127600 -1.780800 0.390600 0.556900 10
0 -8.240600 6.826900 -1.301800 0.414100 0.466700 9
0 -8.457800 0.377200 -0.560600 0.375000 0.541200 10
0 -8.563400 -0.662900 4.066200 0.332000 0.545100 11
0 -8.527600 3.543000 4.197700 0.363300 0.478400 11
0 -9.090700 -0.751300 6.647700 0.296900 0.529400 13
0 -9.049400 2.272400 6.658700 0.332000 0.494100 13
0 -9.798600 -0.399900 8.267800 0.277300 0.513700 13
0 -10.071000 1.254100 8.268400 0.293000 0.482400 13
0 -12.791400 0.364200 7.818100 0.277300 0.513700 13
0 -12.217900 1.283300 7.928400 0.293000 0.482400 13
0 -13.427800 0.363400 5.992400 0.296900 0.529400 12
0 -12.951800 1.881900 6.158600 0.332000 0.494100 13
0 -13.349000 0.565300 3.346700 0.332000 0.545100 11
0 -12.648600 2.890400 3.577500 0.363300 0.478400 11
0 -12.414300 1.398000 -1.150300 0.375000 0.541200 10
0 -10.978000 7.527200 -1.679600 0.414100 0.466700 9
0 -12.049400 0.761400 -2.290500 0.390600 0.556900 10
0 -11.523300 0.768800 -4.030500 0.406300 0.568600 10
0 -32.232800 59.488300 3.712000 0.035200 0.545100 35
0 -34.340302 59.257301 5.058100 0.101600 0.505900 36
0 -33.909199 58.891602 4.773100 0.085900 0.517600 36
0 -34.597000 58.728802 4.746000 0.101600 0.521600 36
0 -33.583000 60.065701 4.219200 0.070300 0.541200 35
0 -34.008099 59.172501 3.708200 0.082000 0.545100 35
0 -33.084599 61.306198 2.260900 0.058600 0.576500 33
0 -33.883801 59.617199 3.271000 0.085900 0.556900 33
0 -35.313400 61.061100 2.883800 0.097700 0.568600 38
0 -35.353298 59.910400 3.142300 0.097700 0.560800 38
0 -38.287998 60.603500 2.702000 0.144500 0.580400 39
0 -38.314499 60.022099 2.791600 0.152300 0.576500 39
0 -38.283100 60.680599 1.418100 0.140600 0.611800 39
0 -38.312500 59.840302 1.055300 0.140600 0.619600 39
0 -35.405701 61.178699 0.614700 0.089800 0.611800 38
0 -35.338600 59.925400 0.392900 0.089800 0.619600 38
0 -33.121700 60.919899 0.650300 0.058600 0.600000 33
0 -30.517500 59.529999 0.856400 0.050800 0.611800 32
0 -29.822001 60.532101 1.574800 0.019500 0.596100 32
0 30.216801 60.527802 1.583200 0.019500 0.596100 22
0 33.514301 60.914101 0.658400 0.058600 0.600000 23
0 30.901100 59.530399 0.863800 0.050800 0.611800 22
0 35.735199 59.925701 0.397100 0.089800 0.619600 28
0 35.797798 61.173302 0.629400 0.089800 0.611800 28
0 38.698601 59.834599 1.068500 0.140600 0.619600 29
0 38.676201 60.683701 1.422400 0.140600 0.611800 29
0 38.700699 60.020302 2.794900 0.152300 0.576500 29
0 38.688202 60.603600 2.706800 0.144500 0.580400 29
0 35.749199 59.914799 3.156500 0.097700 0.560800 28
0 35.699501 61.058899 2.888000 0.097700 0.568600 28
0 34.278702 59.607700 3.280400 0.085900 0.556900 26
0 33.483101 61.311100 2.270100 0.058600 0.576500 23
0 34.394199 59.172298 3.717400 0.085900 0.545100 25
0 33.971901 60.070099 4.233300 0.070300 0.541200 25
0 34.988098 58.727600 4.758500 0.105500 0.521600 26
0 34.732700 59.250599 5.065400 0.101600 0.509800 26
0 34.301998 58.894600 4.775100 0.089800 0.517600 26
0 32.636299 59.488899 3.722500 0.035200 0.545100 25
0 -2.516100 62.375702 0.435000 0.140600 0.051000 18
0 -5.899800 60.077099 -2.417700 0.078100 0.086300 30
0 -6.740700 61.633598 0.802100 0.058600 0.066700 30
0 -8.952400 62.979900 0.738600 0.019500 0.047100 30
0 -9.005700 58.433899 -0.940100 0.023400 0.121600 30
0 -9.035300 55.643700 1.088400 0.023400 0.172500 30
0 -6.584200 57.709801 -3.866900 0.062500 0.129400 30
0 -8.166100 50.422501 1.322200 0.031300 0.266700 15
0 -5.336100 52.323898 -2.959600 0.097700 0.231400 16
0 -5.596100 46.974499 1.147200 0.085900 0.329400 15
0 0.283900 47.143501 -2.913700 0.195300 0.329400 15
0 -3.326100 43.168800 -1.881400 0.128900 0.411800 14
0 0.293900 41.942101 -3.408100 0.195300 0.435300 14
0 0.293800 38.297298 -4.290900 0.195300 0.494100 1
0 3.973900 43.171101 -1.891200 0.128900 0.411800 14
0 3.953800 38.287701 -5.280900 0.125000 0.494100 1
0 6.313900 42.365501 -0.055700 0.085900 0.423500 14
0 7.418300 61.556499 0.802200 0.359400 0.054900 20
0 9.607100 58.871899 4.627600 0.406300 0.098000 20
0 9.980900 62.821701 0.744200 0.410200 0.035300 20
0 9.613900 55.650002 1.088400 0.410200 0.156900 16
0 6.499500 57.836300 6.834800 0.351600 0.129400 20
0 8.793900 50.432400 1.323100 0.398400 0.247100 15
0 4.913900 51.787800 5.621800 0.343800 0.231400 16
0 6.283900 46.974499 1.147200 0.355500 0.313700 15
0 0.283900 46.802299 5.017100 0.222700 0.321600 15
0 3.903800 42.504101 3.374300 0.289100 0.400000 14
0 0.293800 42.564201 4.620100 0.222700 0.396100 14
0 0.293900 39.914398 4.149700 0.222700 0.458800 1
0 -3.286200 42.537899 3.361600 0.289100 0.400000 14
0 -3.362500 40.468899 2.877600 0.293000 0.447100 8
0 -5.606100 42.483601 0.320700 0.347700 0.411800 14
0 8.793900 50.432400 1.323100 0.031300 0.266700 15
0 5.953900 52.323898 -2.959600 0.093800 0.227500 16
0 7.183500 57.699402 -3.871500 0.062500 0.129400 20
0 3.283900 52.279301 -3.678800 0.160200 0.227500 16
0 0.283900 52.310398 -3.088900 0.195300 0.227500 16
0 -2.696100 52.279301 -3.678800 0.156300 0.227500 16
0 0.293900 57.702900 -3.610900 0.195300 0.129400 17
0 0.303900 60.490002 -3.020700 0.195300 0.078400 17
0 -1.526100 61.166698 -1.924500 0.156300 0.066700 17
0 2.803900 58.705399 2.531900 0.265600 0.070600 18
0 0.263900 59.664600 5.385700 0.226600 0.082400 17
0 3.393900 56.563900 7.659100 0.269500 0.156900 16
0 0.653900 53.624802 7.723200 0.218800 0.203900 16
0 0.473900 50.261700 6.197000 0.222700 0.254900 15
0 -4.276100 51.800201 5.741100 0.343800 0.231400 16
0 -5.596100 46.974499 1.147200 0.355500 0.313700 15
0 -8.166100 50.422501 1.322200 0.398400 0.247100 15
0 2.883900 68.085602 7.003700 0.179700 0.756900 19
0 0.303900 67.221100 7.369400 0.097700 0.784300 19
0 2.883900 67.078102 6.381600 0.179700 0.788200 19
0 2.883900 65.893700 6.666000 0.179700 0.827500 19
0 1.213900 65.910797 7.295100 0.128900 0.827500 19
0 1.423900 61.788799 7.121400 0.132800 0.968600 19
0 0.313900 65.937599 7.854200 0.097700 0.827500 19
0 -0.776100 61.788799 7.121400 0.062500 0.968600 19
0 -0.596100 65.910797 7.295100 0.070300 0.835300 19
0 -2.266100 65.893700 6.666000 0.019500 0.831400 19
0 -2.266100 67.078102 6.381600 0.019500 0.792200 19
0 -2.266100 68.085602 7.003700 0.015600 0.760800 19
0 8.828700 6.833900 -1.301700 0.589800 0.482400 3
0 4.357000 16.710199 0.868000 0.582000 0.341200 3
0 8.583900 6.926400 -3.348000 0.617200 0.482400 3
0 5.064800 16.905199 -3.750300 0.617200 0.337300 3
0 4.278500 24.462700 -1.130800 0.601600 0.251000 2
0 6.810400 21.132200 -5.338500 0.640600 0.302000 3
0 6.309200 24.900900 -2.996400 0.640600 0.247100 2
0 8.839100 25.258101 -1.588400 0.664100 0.243100 2
0 5.500800 28.912100 -4.863400 0.625000 0.196100 2
0 8.404500 35.096199 -3.468100 0.656300 0.117600 2
0 4.720700 36.892502 -5.944300 0.628900 0.129400 2
0 3.953800 38.287701 -5.280900 0.632800 0.062700 1
0 1.523800 35.077400 -4.422000 0.585900 0.086300 1
0 10.525600 0.842100 -4.521300 0.847700 0.862700 4
0 12.111100 0.776300 -4.031300 0.824200 0.866700 4
0 9.168800 0.013600 -3.591600 0.867200 0.870600 4
0 9.193200 -0.124900 -1.781600 0.867200 0.886300 4
0 12.642300 0.757600 -2.291300 0.824200 0.886300 4
0 9.053600 0.378100 -0.561400 0.863300 0.898000 4
0 12.996400 1.398500 -1.151100 0.820300 0.894100 4
0 9.156000 -0.664600 4.065400 0.875000 0.941200 5
0 13.935200 0.564200 3.345800 0.816400 0.937300 5
0 9.679600 -0.756000 6.646900 0.871100 0.968600 7
0 14.022700 0.355300 5.991500 0.820300 0.960800 6
0 10.389900 -0.407900 8.267000 0.871100 0.984300 7
0 13.381400 0.363500 7.817300 0.824200 0.984300 7
0 -12.791400 0.364200 7.818100 0.824200 0.984300 13
0 -13.427800 0.363400 5.992400 0.820300 0.960800 12
0 -9.798600 -0.399900 8.267800 0.871100 0.984300 13
0 -9.090700 -0.751300 6.647700 0.875000 0.968600 13
0 -13.349000 0.565300 3.346700 0.820300 0.937300 11
0 -8.563400 -0.662900 4.066200 0.875000 0.941200 11
0 -12.414300 1.398000 -1.150300 0.820300 0.894100 10
0 -8.457800 0.377200 -0.560600 0.867200 0.898000 10
0 -12.049400 0.761400 -2.290500 0.824200 0.882400 10
0 -8.599500 -0.127600 -1.780800 0.863300 0.886300 10
0 -11.523300 0.768800 -4.030500 0.824200 0.866700 10
0 -8.578600 0.021600 -3.590700 0.863300 0.870600 10
0 -9.928200 0.837700 -4.520500 0.847700 0.862700 10
0 -0.926200 35.077400 -4.422000 0.535200 0.086300 1
0 -4.130200 36.894402 -5.946800 0.503900 0.129400 8
0 -3.366200 38.287701 -5.280900 0.500000 0.066700 1
0 -7.814800 35.095600 -3.463300 0.480500 0.125500 8
0 -4.910100 28.916500 -4.871900 0.507800 0.196100 8
0 -8.248600 25.262199 -1.594200 0.468800 0.251000 8
0 -5.719400 24.900999 -2.992300 0.496100 0.254900 8
0 -6.210600 21.130600 -5.345400 0.492200 0.298000 9
0 -3.687800 24.468399 -1.126500 0.535200 0.251000 8
0 -4.770500 16.902599 -3.754500 0.527300 0.325500 9
0 -3.757900 16.707701 0.871400 0.546900 0.329400 9
0 -7.994500 6.925500 -3.347600 0.527300 0.486300 9
0 -8.240600 6.826900 -1.301800 0.543000 0.478400 9
0 -20.403000 60.541401 1.842800 0.761700 0.274500 31
0 -24.335300 62.095901 0.465600 0.765600 0.360800 32
0 -24.335899 61.954700 3.319000 0.804700 0.360800 32
0 -22.888901 59.180199 -0.770100 0.730500 0.313700 32
0 -20.587200 59.230701 -1.157700 0.722700 0.270600 31
0 -18.025801 59.005901 -0.767800 0.734400 0.207800 31
0 -12.642400 61.576302 0.463100 0.769500 0.125500 31
0 -13.958200 61.509499 2.773100 0.808600 0.152900 31
0 -18.030300 58.924400 4.102200 0.828100 0.223500 31
0 -20.462999 59.122200 2.792300 0.800800 0.274500 31
0 -22.892799 59.088600 4.096300 0.824200 0.321600 32
0 -20.504200 57.682598 1.711800 0.746100 0.760800 31
0 -24.497299 57.467701 0.248600 0.757800 0.819600 32
0 -22.888901 59.180199 -0.770100 0.730500 0.815700 32
0 -24.497299 57.336498 3.102000 0.789100 0.815700 32
0 -22.892799 59.088600 4.096300 0.816400 0.811800 32
0 -20.462999 59.122200 2.792300 0.789100 0.768600 31
0 -18.030300 58.924400 4.102200 0.812500 0.721600 31
0 -12.829200 55.957001 3.101200 0.785200 0.643100 31
0 -12.909500 56.132702 0.391200 0.750000 0.643100 31
0 -18.025801 59.005901 -0.767800 0.730500 0.713700 31
0 -20.587200 59.230701 -1.157700 0.718800 0.768600 31
0 -38.312500 59.840302 1.055300 0.320300 0.980400 39
0 -35.338600 59.925400 0.392900 0.367200 0.984300 38
0 -38.314499 60.022099 2.791600 0.316400 0.945100 39
0 -35.353298 59.910400 3.142300 0.347700 0.929400 38
0 -32.239899 59.226200 1.546400 0.375000 0.952900 33
0 -33.883801 59.617199 3.271000 0.375000 0.921600 33
0 -30.511000 59.909599 2.699800 0.418000 0.917600 32
0 -33.883801 59.617199 3.271000 0.378900 0.913700 33
0 -32.232800 59.488300 3.712000 0.394500 0.902000 35
0 -34.008099 59.172501 3.708200 0.367200 0.902000 35
0 -33.909199 58.891602 4.773100 0.367200 0.886300 36
0 -34.597000 58.728802 4.746000 0.359400 0.886300 36
0 20.797199 60.545101 1.854200 0.949200 0.274500 21
0 24.734600 61.963600 3.328500 0.914100 0.360800 22
0 24.723400 62.094200 0.474600 0.949200 0.364700 22
0 23.285900 59.093102 4.104200 0.890600 0.333300 22
0 20.860300 59.115799 2.803700 0.914100 0.274500 21
0 18.417400 58.926102 4.103600 0.890600 0.231400 21
0 14.350300 61.517502 2.784500 0.921900 0.152900 21
0 13.034000 61.572800 0.474600 0.953100 0.129400 21
0 18.412201 59.007599 -0.766300 0.984400 0.223500 21
0 20.982901 59.235401 -1.146300 0.984400 0.270600 21
0 23.281300 59.184601 -0.762100 0.980500 0.313700 22
0 20.893400 57.685299 1.723200 0.945300 0.768600 21
0 23.281300 59.184601 -0.762100 0.957000 0.800000 22
0 24.885900 57.465000 0.255500 0.941400 0.835300 22
0 20.982901 59.235401 -1.146300 0.964800 0.764700 21
0 18.412201 59.007599 -0.766300 0.960900 0.709800 21
0 13.298600 56.128502 0.402700 0.941400 0.643100 21
0 13.219900 55.952099 3.112600 0.890600 0.643100 21
0 18.417400 58.926102 4.103600 0.875000 0.713700 21
0 20.860300 59.115799 2.803700 0.902300 0.764700 21
0 23.285900 59.093102 4.104200 0.878900 0.811800 22
0 24.896999 57.334499 3.109400 0.906300 0.835300 22
0 11.566400 7.533000 -1.679900 0.652300 0.964700 3
0 11.745800 17.991800 0.121800 0.683600 0.831400 3
0 10.288200 7.142500 -0.577000 0.636700 0.956900 3
0 7.877100 20.834101 2.500200 0.628900 0.800000 3
0 8.839100 25.258101 -1.588400 0.664100 0.737300 2
0 7.148800 24.441099 3.366500 0.632800 0.745100 2
0 6.576700 28.619301 2.966800 0.640600 0.690200 2
0 4.278500 24.462700 -1.130800 0.597700 0.745100 2
0 1.520100 33.609501 1.900500 0.582000 0.580400 2
0 1.425500 31.743401 0.149400 0.574200 0.631400 2
0 0.298300 33.616798 1.897800 0.558600 0.580400 2
0 -0.929600 33.614899 1.906600 0.535200 0.580400 8
0 -0.836000 31.743200 0.141100 0.546900 0.631400 8
0 -3.687800 24.468399 -1.126500 0.527300 0.745100 8
0 -5.987700 28.617599 2.970400 0.480500 0.690200 8
0 -6.559700 24.440399 3.372800 0.484400 0.741200 8
0 -8.248600 25.262199 -1.594200 0.457000 0.737300 8
0 -7.288500 20.830500 2.493800 0.492200 0.788200 9
0 -11.146000 17.992500 0.114400 0.441400 0.827500 9
0 -9.698700 7.143100 -0.576100 0.488300 0.964700 9
0 -10.978000 7.527200 -1.679600 0.468800 0.964700 9
0 -8.952400 62.979900 0.738600 0.410200 0.035300 30
0 -9.005800 58.871899 4.622900 0.406300 0.098000 30
0 -6.740700 61.633598 0.802100 0.363300 0.054900 30
0 -2.246100 58.705399 2.531900 0.265600 0.070600 18
0 -5.908000 57.834202 6.830200 0.351600 0.129400 30
0 -2.796100 56.563900 7.659100 0.269500 0.156900 16
0 6.501100 60.077099 -2.412900 0.078100 0.086300 20
0 9.607000 58.433899 -0.935400 0.019500 0.121600 20
0 9.980900 62.821701 0.744200 0.019500 0.047100 20
0 7.418300 61.556499 0.802200 0.058600 0.066700 20
0 3.093900 62.375702 0.435000 0.136700 0.051000 18
0 2.133900 61.167400 -1.914500 0.152300 0.066700 17
0 -2.886100 68.999298 3.166900 0.304700 0.733300 19
0 -2.266100 67.078102 6.381600 0.203100 0.792200 19
0 -2.266100 68.085602 7.003700 0.183600 0.760800 19
0 -2.886100 66.241699 2.698000 0.347700 0.819600 19
0 -1.396100 66.619102 -0.574800 0.421900 0.800000 19
0 -1.376100 70.530502 -0.066200 0.402300 0.682400 19
0 -1.436100 71.653999 2.399300 0.324200 0.647100 19
0 -1.426100 71.158096 6.012700 0.210900 0.662700 19
0 3.503900 68.999298 3.166900 0.304700 0.733300 19
0 2.883900 68.085602 7.003700 0.183600 0.764700 19
0 2.883900 67.078102 6.381600 0.203100 0.796100 19
0 2.043900 71.158096 6.012700 0.214800 0.666700 19
0 2.053900 71.653999 2.399400 0.324200 0.651000 19
0 1.993900 70.530502 -0.066200 0.406300 0.682400 19
0 1.993900 66.628700 -0.572100 0.421900 0.807800 19
0 3.503900 66.241699 2.698000 0.316400 0.819600 19
0 8.583900 6.926400 -3.348000 0.437500 0.478400 3
0 9.168800 0.013600 -3.591600 0.406300 0.568600 4
0 9.752700 7.305600 -4.238700 0.445300 0.482400 3
0 10.525600 0.842100 -4.521300 0.421900 0.564700 4
0 10.981500 7.540200 -3.707600 0.437500 0.478400 3
0 -10.391900 7.540500 -3.707000 0.437500 0.478400 9
0 -9.928200 0.837700 -4.520500 0.421900 0.564700 10
0 -9.162800 7.307400 -4.237900 0.445300 0.482400 9
0 -8.578600 0.021600 -3.590700 0.406300 0.568600 10
0 -7.994500 6.925500 -3.347600 0.437500 0.478400 9
0 0.303900 71.939697 2.418900 0.855500 0.407800 19
0 -1.436100 71.653999 2.399300 0.828100 0.411800 19
0 0.303900 71.417702 6.014400 0.855500 0.372500 19
0 -1.376100 70.530502 -0.066200 0.832000 0.454900 19
0 0.303900 70.858803 -0.086400 0.855500 0.451000 19
0 1.993900 70.530502 -0.066200 0.878900 0.454900 19
0 2.053900 71.653999 2.399400 0.882800 0.411800 19
0 0.303900 68.117599 7.834700 0.097700 0.756900 19
0 -1.426100 71.158096 6.012700 0.043000 0.654900 19
0 0.303900 71.417702 6.014400 0.097700 0.647100 19
0 2.043900 71.158096 6.012700 0.156300 0.654900 19
0 12.812100 1.288600 7.927600 0.390600 0.454900 7
0 13.539800 1.884600 6.157800 0.371100 0.439200 7
0 10.665300 1.255200 8.267600 0.410200 0.454900 7
0 9.643000 2.273700 6.657900 0.433600 0.439200 7
0 13.241000 2.888900 3.576600 0.367200 0.415700 5
0 9.114900 3.542100 4.196900 0.433600 0.415700 5
0 11.566400 7.533000 -1.679900 0.378900 0.325500 3
0 10.288200 7.142500 -0.577000 0.406300 0.337300 3
0 -8.278900 34.775902 0.716800 0.433600 0.619600 8
0 -3.362500 40.468899 2.877600 0.492200 0.525500 8
0 0.623900 36.324402 4.358400 0.562500 0.556900 1
0 35.735199 59.925701 0.397100 0.363300 0.984300 28
0 32.626701 59.221699 1.552500 0.375000 0.952900 23
0 30.901100 59.530399 0.863800 0.425800 0.964700 22
0 30.275101 58.847900 1.990600 0.441400 0.937300 22
0 30.901199 59.910599 2.707700 0.398400 0.933300 22
0 30.901199 59.910599 2.707700 0.418000 0.917600 22
0 34.278702 59.607700 3.280400 0.375000 0.921600 26
0 34.278702 59.607700 3.280400 0.378900 0.913700 26
0 -5.606100 42.483601 0.320700 0.089800 0.419600 14
0 -3.366200 38.287701 -5.280900 0.125000 0.490200 1
0 -0.926200 35.077400 -4.422000 0.175800 0.552900 1
0 0.293800 35.016602 -2.062000 0.195300 0.552900 1
0 3.093900 62.375702 0.435000 0.515600 0.011800 18
0 1.813900 63.577202 4.804800 0.546900 0.062700 19
0 2.803900 58.705399 2.531900 0.531300 0.011800 18
0 0.263900 59.664600 5.385700 0.562500 0.007800 17
0 -1.306100 63.577202 4.804800 0.585900 0.058800 19
0 -2.246100 58.705399 2.531900 0.593800 0.011800 18
0 -2.516100 62.375702 0.435000 0.605500 0.011800 18
0 -2.516100 62.375702 0.435000 0.261700 0.592200 18
0 -1.396100 66.619102 -0.574800 0.293000 0.576500 19
0 -1.526100 61.166698 -1.924500 0.285200 0.619600 17
0 0.303900 60.490002 -3.020700 0.316400 0.631400 17
0 1.993900 66.628700 -0.572100 0.347700 0.576500 19
0 2.133900 61.167400 -1.914500 0.347700 0.623500 17
0 3.093900 62.375702 0.435000 0.375000 0.600000 18
0 10.022700 18.187300 -4.507800 0.664100 0.345100 3
0 9.752700 7.305600 -4.238700 0.644500 0.478400 3
0 10.981500 7.540200 -3.707600 0.675800 0.478400 3
0 11.745800 17.991800 0.121800 0.691400 0.341200 3
0 -9.162800 7.307400 -4.237900 0.500000 0.482400 9
0 -9.137500 18.189899 -4.508800 0.464800 0.333300 9
0 -10.391900 7.540500 -3.707000 0.476600 0.482400 9
0 -11.146000 17.992500 0.114400 0.441400 0.333300 9
0 -10.978000 7.527200 -1.679600 0.453100 0.478400 9
0 -10.071000 1.254100 8.268400 0.410200 0.454900 13
0 -9.049400 2.272400 6.658700 0.433600 0.439200 13
0 -12.951800 1.881900 6.158600 0.367200 0.439200 13
0 -12.648600 2.890400 3.577500 0.367200 0.415700 11
0 -8.527600 3.543000 4.197700 0.433600 0.411800 11
0 -10.978000 7.527200 -1.679600 0.382800 0.325500 9
0 -9.698700 7.143100 -0.576100 0.406300 0.337300 9
0 -0.836000 31.743200 0.141100 0.543000 0.160800 8
0 0.293800 35.016602 -2.062000 0.562500 0.086300 1
0 0.298300 33.616798 1.897800 0.566400 0.129400 2
0 1.425500 31.743401 0.149400 0.585900 0.160800 2
0 -30.511000 59.909599 2.699800 0.796900 0.470600 32
0 -29.822001 60.532101 1.574800 0.777300 0.454900 32
0 -30.517500 59.529999 0.856400 0.757800 0.470600 32
0 -30.517500 59.529999 0.856400 0.757800 0.952900 32
0 -29.875601 58.852299 1.982600 0.773400 0.941200 32
0 -30.511000 59.909599 2.699800 0.789100 0.956900 32
0 -7.028200 60.427700 1.842700 0.789100 0.027500 31
0 -8.772500 59.335300 -1.347700 0.726600 0.051000 31
0 -6.515900 57.614399 1.891700 0.793000 0.011800 31
0 -9.148600 58.703400 4.762100 0.843800 0.058800 31
0 -8.176600 55.694901 1.931100 0.777300 0.525500 31
0 -8.772500 59.335300 -1.347700 0.718800 0.545100 31
0 -9.148600 58.703400 4.762100 0.824200 0.549000 31
0 -6.515900 57.614399 1.891700 0.777300 0.505900 31
0 -30.511000 59.909599 2.699800 0.011700 0.576500 32
0 30.901100 59.530399 0.863800 0.949200 0.474500 22
0 30.216801 60.527802 1.583200 0.933600 0.466700 22
0 30.901199 59.910599 2.707700 0.918000 0.478400 22
0 30.901199 59.910599 2.707700 0.898400 0.952900 22
0 30.275101 58.847900 1.990600 0.914100 0.937300 22
0 30.901100 59.530399 0.863800 0.933600 0.952900 22
0 7.416700 60.424500 1.854200 0.929700 0.019600 21
0 9.538400 58.844601 4.769900 0.878900 0.062700 20
0 6.908400 57.615501 1.893200 0.929700 0.007800 21
0 9.171200 59.337399 -1.336200 0.976600 0.043100 21
0 8.566500 55.699299 1.942500 0.914100 0.533300 21
0 9.171200 59.337399 -1.336200 0.960900 0.537300 21
0 6.908400 57.615501 1.893200 0.906300 0.502000 21
0 9.538400 58.844601 4.769900 0.863300 0.552900 20
0 35.749199 59.914799 3.156500 0.347700 0.929400 28
0 38.700699 60.020302 2.794900 0.316400 0.945100 29
0 38.698601 59.834599 1.068500 0.320300 0.980400 29
0 -9.035300 55.643700 1.088400 0.410200 0.156900 30
0 6.283900 46.974499 1.147200 0.082000 0.329400 15
0 3.953600 40.460400 2.880600 0.621100 0.525500 2
0 8.878600 34.775700 0.710600 0.687500 0.611800 2
0 6.313900 42.365501 -0.055700 0.668000 0.525500 14
0 -3.757900 16.707701 0.871400 0.543000 0.819600 9
0 -8.240600 6.826900 -1.301800 0.507800 0.960800 9
0 30.901199 59.910599 2.707700 0.011700 0.572500 22
0 9.613900 55.650002 1.088400 0.023400 0.172500 16
0 -1.306100 63.577202 4.804800 0.253900 0.905900 19
0 1.813900 63.577202 4.804800 0.250000 0.905900 19
0 -0.776100 61.788799 7.121400 0.179700 0.964700 19
0 1.423900 61.788799 7.121400 0.179700 0.964700 19
0 2.753900 62.908100 3.728500 0.289100 0.933300 19
0 -2.116100 62.913502 3.782100 0.289100 0.929400 19
0 -2.266100 65.893700 6.666000 0.191400 0.827500 19
0 -1.396100 66.619102 -0.574800 0.828100 0.513700 19
0 1.993900 66.628700 -0.572100 0.878900 0.513700 19
0 2.883900 65.893700 6.666000 0.195300 0.835300 19
0 4.357000 16.710199 0.868000 0.574200 0.807800 3
0 8.828700 6.833900 -1.301700 0.609400 0.952900 3
0 8.878600 34.775700 0.710600 0.695300 0.121600 2
0 6.313900 42.365501 -0.055700 0.679700 0.015700 14
0 -5.606100 42.483601 0.320700 0.457000 0.027500 14
0 -8.278900 34.775902 0.716800 0.437500 0.129400 8
0 3.953600 40.460400 2.880600 0.293000 0.447100 2
0 0.623900 36.324402 4.358400 0.222700 0.537300 1
0 34.394199 59.172298 3.717400 0.367200 0.902000 25
0 32.636299 59.488899 3.722500 0.394500 0.902000 25
0 34.301998 58.894600 4.775100 0.367200 0.886300 26
0 34.988098 58.727600 4.758500 0.359400 0.886300 26
0 6.623900 42.143002 0.549600 0.355500 0.411800 14
0 6.603900 46.787601 1.783200 0.363300 0.313700 15
0 1.523800 35.077400 -4.422000 0.171900 0.556900 1
0 -5.606100 42.483601 0.320700 0.359400 0.403900 14
0 -6.146100 42.333000 0.881100 0.347700 0.407800 14
0 -5.596100 46.974499 1.147200 0.359400 0.313700 15
0 -6.136100 46.854500 1.708800 0.347700 0.313700 15
0 6.283900 46.974499 1.147200 0.347700 0.313700 15
0 6.603900 46.787601 1.783200 0.359400 0.309800 15
0 6.313900 42.365501 -0.055700 0.347700 0.407800 14
0 6.623900 42.143002 0.549600 0.359400 0.403900 14
0 -29.875601 58.852299 1.982600 0.441400 0.937300 32
0 -30.517500 59.529999 0.856400 0.425800 0.964700 32
0 -30.511000 59.909599 2.699800 0.398400 0.933300 32
0 3.093900 62.375702 0.435000 0.289100 0.047100 18
0 -2.516100 62.375702 0.435000 0.289100 0.047100 18
0 -6.146100 42.333000 0.881100 0.359400 0.415700 14
0 -6.136100 46.854500 1.708800 0.363300 0.317600 15
0 -1.426100 71.158096 6.012700 0.828100 0.380400 19
0 2.043900 71.158096 6.012700 0.882800 0.376500 19
0 -1.306100 63.577202 4.804800 0.257800 0.905900 19
0 2.753900 62.908100 3.728500 0.527300 0.035300 19
0 1.993900 66.628700 -0.572100 0.480500 0.011800 19
0 -2.116100 62.913502 3.782100 0.597700 0.031400 19
0 -1.396100 66.619102 -0.574800 0.648400 0.011800 19
0 -0.596100 65.910797 7.295100 0.152300 0.027500 19
0 0.313900 65.937599 7.854200 0.144500 0.051000 19
0 0.303900 67.221100 7.369400 0.152300 0.062700 19
0 0.303900 67.221100 7.369400 0.152300 0.023500 19
0 0.313900 65.937599 7.854200 0.195300 0.074500 19
0 1.213900 65.910797 7.295100 0.152300 0.062700 19
0 11.566400 7.533000 -1.679900 0.687500 0.482400 3
0 8.828700 6.833900 -1.301700 0.418000 0.333300 3
0 -12.217900 1.283300 7.928400 0.390600 0.454900 13
0 -8.240600 6.826900 -1.301800 0.418000 0.333300 9
0 6.313900 42.365501 -0.055700 0.347700 0.411800 14
0 -5.606100 42.483601 0.320700 0.453100 0.525500 14
0 -17.305901 29.960400 -0.494500 0.089800 0.482400 8
0 -7.092400 29.220400 0.948000 0.003900 0.411800 8
0 -7.288100 31.939600 0.002600 0.003900 0.537300 8
0 -7.045400 29.772900 -1.876300 0.003900 0.478400 8
0 -12.235200 37.120800 -5.751700 0.089800 0.482400 8
0 -8.207300 34.218498 -0.310200 0.003900 0.411800 8
0 -7.148900 36.468399 -0.537300 0.003900 0.537300 8
0 -6.549300 34.639702 -2.115100 0.003900 0.478400 8
0 -6.129600 34.737701 5.853800 0.089800 0.482400 8
0 -3.643400 32.250401 1.656300 0.003900 0.537300 8
0 -4.084300 34.033199 0.914200 0.003900 0.478400 8
0 -5.421400 32.581001 0.862600 0.003900 0.411800 8
0 -2.189500 31.358601 5.725400 0.089800 0.482400 8
0 -3.811600 28.870100 1.108200 0.003900 0.537300 8
0 -4.650800 30.650101 0.967300 0.003900 0.478400 8
0 -5.551500 29.203800 1.964800 0.003900 0.411800 8
0 14.275400 17.600100 -2.158900 0.089800 0.482400 3
0 10.248500 17.826300 -1.170900 0.003900 0.411800 3
0 10.397500 16.135201 -2.154800 0.003900 0.537300 3
0 10.253400 17.834499 -3.140100 0.003900 0.478400 3
0 14.751600 13.057500 -2.154100 0.089800 0.482400 3
0 10.734300 13.286500 -1.176100 0.003900 0.411800 3
0 10.875300 11.583800 -2.161000 0.003900 0.537300 3
0 10.731300 13.283100 -3.146300 0.003900 0.478400 3
0 14.574200 9.845900 -2.155700 0.089800 0.482400 3
0 10.547100 10.073100 -1.177700 0.003900 0.411800 3
0 10.698100 8.371200 -2.152600 0.003900 0.537300 3
0 10.553900 10.071500 -3.147900 0.003900 0.478400 3
0 4.855000 9.057700 -2.158100 0.089800 0.482400 3
0 8.758500 7.707300 -1.173900 0.003900 0.411800 3
0 8.877500 9.413900 -2.153800 0.003900 0.537300 3
0 8.753600 7.713700 -3.143100 0.003900 0.478400 3
0 4.025100 12.655300 -2.158400 0.089800 0.482400 3
0 7.926800 11.314700 -1.173300 0.003900 0.411800 3
0 8.045800 13.021300 -2.153100 0.003900 0.537300 3
0 7.923700 11.311300 -3.143400 0.003900 0.478400 3
0 2.383700 17.339001 -2.155900 0.089800 0.482400 3
0 6.285300 15.998400 -1.170800 0.003900 0.411800 3
0 6.404100 17.706100 -2.160600 0.003900 0.537300 3
0 6.282200 15.995100 -3.140900 0.003900 0.478400 3
0 9.489200 17.036501 3.972700 0.089800 0.482400 3
0 9.371600 15.697500 -1.333000 0.003900 0.537300 3
0 8.374800 17.399000 -1.285800 0.003900 0.478400 3
0 7.449800 15.699100 -0.932300 0.003900 0.411800 3
0 -6.136100 46.854500 1.708800 0.320300 0.345100 15
0 -3.286200 42.537899 3.361600 0.285200 0.415700 14
0 -5.596100 46.974499 1.147200 0.324200 0.352900 15
0 -10.143600 63.969299 0.613900 0.089800 0.482400 31
0 -11.063700 59.022499 2.762200 0.003900 0.537300 31
0 -9.355500 58.766201 1.802100 0.003900 0.411800 31
0 -11.079100 58.573299 0.842100 0.003900 0.478400 31
0 -8.289600 62.924500 -3.286400 0.089800 0.482400 31
0 -9.167100 59.797501 1.122500 0.003900 0.478400 31
0 -7.474800 59.081200 0.422200 0.003900 0.537300 31
0 -9.194400 58.427299 -0.288000 0.003900 0.411800 31
0 -13.868600 65.050400 1.804300 0.089800 0.482400 31
0 -14.789600 59.733501 2.792500 0.003900 0.411800 31
0 -13.078400 59.707401 1.802500 0.003900 0.537300 31
0 -14.789600 59.734200 0.812500 0.003900 0.478400 31
0 -15.856400 64.080002 4.334000 0.089800 0.482400 31
0 -16.783199 59.014801 2.482200 0.003900 0.411800 31
0 -15.054400 59.478401 1.632400 0.003900 0.537300 31
0 -16.767401 60.006100 0.772600 0.003900 0.478400 31
0 -13.273100 62.825199 -3.696500 0.089800 0.482400 31
0 -14.161800 60.209499 1.042600 0.003900 0.478400 31
0 -12.463400 59.422798 0.422400 0.003900 0.537300 31
0 -14.187000 58.699001 -0.207900 0.003900 0.411800 31
0 -11.848600 62.864399 -1.956500 0.089800 0.482400 31
0 -12.762600 58.557999 1.292100 0.003900 0.478400 31
0 -11.056200 58.091400 0.421900 0.003900 0.537300 31
0 -12.772300 57.677700 -0.468200 0.003900 0.411800 31
0 -12.085500 63.456299 5.163700 0.089800 0.482400 31
0 -12.997400 59.011700 2.092200 0.003900 0.478400 31
0 -11.277300 59.675999 1.392400 0.003900 0.537300 31
0 -12.969000 60.402699 0.712700 0.003900 0.411800 31
0 -3.699900 62.433399 1.803400 0.089800 0.482400 31
0 -8.478000 59.938301 2.792500 0.003900 0.411800 31
0 -7.463600 58.569302 1.802100 0.003900 0.537300 31
0 -8.478000 59.938999 0.812500 0.003900 0.478400 31
0 -32.916901 62.821499 0.540400 0.089800 0.482400 33
0 -33.360298 60.541100 1.844800 0.003900 0.478400 33
0 -32.535999 60.374901 1.400600 0.003900 0.537300 33
0 -33.366402 60.232201 0.946400 0.003900 0.411800 33
0 -32.907799 62.797100 3.349800 0.089800 0.482400 33
0 -33.357201 60.229099 2.839200 0.003900 0.411800 33
0 -32.514900 60.382401 2.395400 0.003900 0.537300 33
0 -33.346500 60.570202 1.944100 0.003900 0.478400 33
0 5.452800 63.803902 1.805300 0.089800 0.482400 21
0 8.336300 59.231800 1.813800 0.003900 0.411800 21
0 9.605100 60.366402 2.794100 0.003900 0.478400 21
0 9.605100 60.367100 0.824100 0.003900 0.537300 21
0 10.246800 65.589897 0.625900 0.089800 0.482400 21
0 9.453500 60.386902 1.814100 0.003900 0.411800 21
0 11.160700 60.638199 2.774200 0.003900 0.537300 21
0 11.170100 60.188499 0.844100 0.003900 0.478400 21
0 9.710200 62.139099 -3.275200 0.089800 0.482400 21
0 8.917600 58.308102 0.423400 0.003900 0.411800 21
0 10.605600 59.009201 1.133700 0.003900 0.537300 21
0 10.624200 57.647999 -0.286800 0.003900 0.478400 21
0 13.513300 65.441704 1.805900 0.089800 0.482400 21
0 12.729100 60.099400 1.814000 0.003900 0.411800 21
0 14.440700 60.130402 2.794100 0.003900 0.478400 21
0 14.441400 60.121101 0.824000 0.003900 0.537300 21
0 17.829100 64.108704 4.345400 0.089800 0.482400 21
0 17.026699 59.507702 1.633800 0.003900 0.411800 21
0 18.750900 59.038502 2.493700 0.003900 0.478400 21
0 18.736401 60.030300 0.784000 0.003900 0.537300 21
0 15.245600 62.850800 -3.685000 0.089800 0.482400 21
0 14.425100 59.448799 0.423800 0.003900 0.411800 21
0 16.127100 60.240898 1.044100 0.003900 0.537300 21
0 16.155500 58.730000 -0.196400 0.003900 0.478400 21
0 12.758900 62.718102 -1.955100 0.089800 0.482400 21
0 11.967600 57.945801 0.423300 0.003900 0.411800 21
0 13.671200 58.407200 1.303500 0.003900 0.537300 21
0 13.688500 57.527100 -0.456800 0.003900 0.478400 21
0 14.794700 63.309299 5.175100 0.089800 0.482400 21
0 13.979500 59.519600 1.403800 0.003900 0.411800 21
0 15.706000 58.860298 2.103600 0.003900 0.478400 21
0 15.685500 60.252300 0.714100 0.003900 0.537300 21
0 25.453600 64.957603 0.793200 0.089800 0.482400 22
0 24.491899 60.976299 1.700100 0.003900 0.411800 22
0 26.497900 61.176998 2.435200 0.003900 0.537300 22
0 26.504801 60.847198 0.972400 0.003900 0.478400 22
0 24.012600 62.489700 -2.184100 0.089800 0.482400 22
0 23.033300 59.558800 0.648300 0.003900 0.411800 22
0 25.037201 60.110100 1.174300 0.003900 0.537300 22
0 25.050400 59.069199 0.099700 0.003900 0.478400 22
0 28.370800 63.424702 -0.904500 0.089800 0.482400 22
0 27.397100 60.283798 1.697200 0.003900 0.411800 22
0 29.400400 60.805000 2.273100 0.003900 0.537300 22
0 29.421900 59.844799 1.129100 0.003900 0.478400 22
0 27.858500 63.018700 4.264500 0.089800 0.482400 22
0 26.881201 60.130001 1.389700 0.003900 0.411800 22
0 28.902399 59.640301 1.922700 0.003900 0.478400 22
0 28.878099 60.701302 0.863900 0.003900 0.537300 22
0 22.555201 64.678200 1.694100 0.089800 0.482400 22
0 21.596201 60.587200 1.694200 0.003900 0.411800 21
0 23.612600 60.628101 2.454600 0.003900 0.478400 22
0 23.610600 60.628502 0.942400 0.003900 0.537300 22
0 33.287102 63.261700 2.999400 0.089800 0.482400 23
0 32.762901 61.164001 2.211300 0.003900 0.411800 23
0 33.865002 61.035000 2.596200 0.003900 0.478400 23
0 33.859901 61.326199 1.822500 0.003900 0.537300 23
0 33.174599 63.297100 0.598400 0.089800 0.482400 23
0 32.646198 61.157398 1.270300 0.003900 0.411800 23
0 33.750599 61.299198 1.657800 0.003900 0.537300 23
0 33.750900 61.049599 0.879900 0.003900 0.478400 23
374
0.642500 -0.524900 -0.558300
0.946900 0.301500 0.111800
0.762400 -0.646200 0.032900
0.849800 -0.490600 -0.192800
0.716700 0.639100 0.279200
0.859700 -0.485800 -0.158000
0.633900 0.670400 0.385800
0.847700 -0.477200 0.231800
0.569700 0.455300 0.684200
0.489200 -0.196300 0.849800
-0.071500 0.442000 0.894200
-0.298400 -0.587100 0.752500
-0.479000 0.595100 0.645300
-0.554400 -0.801200 0.225100
-0.537200 0.573000 0.619000
-0.610800 -0.785000 -0.103500
-0.958300 -0.014400 0.285500
-0.390700 -0.897900 0.202900
-0.591100 -0.801900 0.087000
0.591100 -0.801900 0.087000
0.958300 -0.014400 0.285500
0.390700 -0.897900 0.202900
0.610800 -0.785000 -0.103500
0.537200 0.573000 0.619000
0.554400 -0.801200 0.225100
0.479000 0.595100 0.645300
0.298400 -0.587100 0.752500
0.071500 0.442000 0.894200
-0.489200 -0.196300 0.849800
-0.569700 0.455300 0.684200
-0.847700 -0.477200 0.231800
-0.633800 0.670400 0.385800
-0.859700 -0.485800 -0.158000
-0.716700 0.639100 0.279200
-0.849800 -0.490600 -0.192800
-0.946900 0.301500 0.111800
-0.762400 -0.646200 0.032900
-0.642500 -0.524900 -0.558300
0.605300 -0.699800 0.379400
0.070400 0.135900 0.988200
0.378400 -0.837700 0.393800
-0.955500 -0.295000 -0.002700
-0.423700 0.723600 0.544900
-0.753700 -0.427600 -0.499200
-0.109600 0.919100 0.378500
-0.339500 -0.376200 0.862100
-0.083100 0.756400 0.648800
-0.185800 -0.627600 0.756000
-0.489100 0.467600 0.736300
-0.699900 -0.608300 0.374300
-0.732400 0.646400 -0.214000
-0.611800 -0.231100 -0.756500
-0.129700 0.747500 -0.651500
-0.070200 -0.715400 -0.695200
0.165600 0.554400 -0.815600
-0.121400 -0.242200 -0.962600
-0.049000 0.981500 -0.185300
0.049000 0.981500 -0.185300
-0.165600 0.554400 -0.815600
0.121300 -0.242200 -0.962600
0.070200 -0.715400 -0.695200
0.129700 0.747500 -0.651500
0.611800 -0.231100 -0.756500
0.732400 0.646400 -0.214000
0.699900 -0.608300 0.374300
0.489100 0.467600 0.736300
0.185800 -0.627600 0.756000
0.083200 0.756400 0.648800
0.339500 -0.376200 0.862100
0.109600 0.919100 0.378500
0.753700 -0.427600 -0.499200
0.423700 0.723600 0.544900
0.955500 -0.295000 -0.002700
-0.070400 0.135900 0.988200
-0.378400 -0.837700 0.393800
-0.605300 -0.699800 0.379400
-0.792900 0.606000 -0.064200
-0.174100 0.653100 -0.737000
0.253800 0.869000 0.424700
-0.700600 0.690800 -0.178600
-0.792600 0.108700 -0.600000
-0.978200 -0.207400 0.009900
-0.440800 0.027400 -0.897200
-0.941900 -0.334600 0.028900
-0.462500 -0.294900 -0.836100
-0.950600 -0.103100 -0.292900
-0.002600 -0.083000 -0.996500
-0.396800 0.245500 -0.884500
-0.003700 0.125900 -0.992000
-0.001000 0.098000 -0.995200
0.368900 0.256800 -0.893300
0.185600 0.348800 -0.918600
0.927300 0.239500 -0.287600
-0.211500 0.885800 0.413100
0.296000 0.505600 0.810400
0.728200 0.653700 -0.206100
0.973900 -0.227100 0.003100
0.514900 0.255400 0.818300
0.943600 -0.329600 0.032400
0.388700 -0.302900 0.870100
0.980400 -0.125900 -0.151800
0.002900 -0.180400 0.983600
0.354200 0.001300 0.935200
-0.002700 -0.102600 0.994700
-0.002100 -0.086700 0.996200
-0.351800 0.007300 0.936100
-0.413400 -0.034900 0.909900
-0.926200 0.258900 -0.274000
0.460800 -0.292500 -0.837900
0.441300 0.028000 -0.896900
0.017000 -0.100200 -0.994800
0.000000 -0.049100 -0.998800
0.000000 0.027400 -0.999600
0.000700 0.365000 -0.931000
-0.428200 0.479900 -0.765700
0.367400 0.637900 0.676900
-0.005000 0.473700 0.880700
0.079600 0.080100 0.993600
0.011300 -0.097300 0.995200
0.019300 -0.287700 0.957500
-0.373500 -0.301200 0.877400
0.651400 -0.067200 0.755800
0.000700 -0.045300 0.999000
0.831700 -0.072500 0.550400
0.741600 -0.014500 0.670700
0.394900 0.094200 0.913900
0.476400 -0.116300 0.871500
0.003000 0.075700 0.997100
-0.472800 -0.119100 0.873100
-0.391400 0.091600 0.915600
-0.740600 -0.016300 0.671700
-0.831700 -0.072500 0.550400
-0.651400 -0.067200 0.755800
-0.822700 -0.219000 0.524600
-0.932000 -0.189600 -0.308900
-0.785600 -0.120100 -0.606900
-0.987900 -0.144300 0.056500
-0.147100 0.192900 -0.970100
-0.118400 0.034300 -0.992400
0.956900 0.158400 -0.243300
-0.163400 -0.264200 -0.950500
0.780700 0.196000 -0.593300
0.108600 0.135400 -0.984800
-0.608600 -0.218600 -0.762700
0.066300 -0.182900 -0.980900
-0.474700 -0.527500 -0.704600
0.474700 -0.527500 -0.704600
-0.066300 -0.182900 -0.980900
0.608600 -0.218600 -0.762700
-0.108600 0.135400 -0.984800
-0.200100 0.353600 -0.913700
-0.782500 0.202600 -0.588800
0.163400 -0.264200 -0.950500
-0.956300 0.153200 -0.249100
0.118400 0.034300 -0.992400
0.150700 0.184400 -0.971200
0.987300 -0.150600 0.049900
0.778900 -0.121600 -0.615300
0.833900 -0.220900 0.505700
0.929500 -0.182400 -0.320600
0.118400 0.985900 0.118100
0.011800 0.799000 -0.601300
0.004000 0.812200 0.583400
0.046600 -0.026500 -0.998600
-0.005800 0.040200 -0.999200
-0.098100 0.037700 -0.994500
0.011800 0.879900 -0.475000
-0.002500 0.823200 0.567800
-0.259900 0.004300 0.965600
0.001600 -0.024400 0.999700
0.217000 -0.074100 0.973400
-0.031400 -0.998400 0.046000
-0.113400 -0.843900 -0.524400
-0.104000 -0.810800 0.576000
-0.123500 -0.820900 0.557500
-0.099900 -0.789800 -0.605200
-0.089600 -0.984600 -0.149900
-0.039200 -0.966500 0.253800
0.037000 -0.012300 0.999200
-0.118400 0.985900 0.118100
-0.004000 0.812200 0.583400
-0.011800 0.799000 -0.601300
-0.216900 -0.074100 0.973400
-0.001600 -0.024400 0.999700
0.260200 0.007500 0.965500
0.003800 0.828600 0.559800
-0.011800 0.879900 -0.475000
0.098100 0.037700 -0.994500
0.005800 0.040200 -0.999200
-0.046600 -0.026500 -0.998600
0.031400 -0.998400 0.046000
0.113400 -0.843900 -0.524400
0.099900 -0.789800 -0.605200
0.121700 -0.817500 0.562900
0.104000 -0.810800 0.576000
0.955700 0.100600 0.276700
0.094300 0.134100 0.986500
0.119400 0.017300 0.992700
0.127000 -0.034200 0.991300
0.151600 -0.070700 0.985900
-0.166900 -0.414200 0.894800
-0.861800 -0.502600 -0.068400
0.000000 -0.715600 0.698500
0.184200 -0.402200 0.896800
0.861800 -0.502600 -0.068400
-0.151600 -0.070700 0.985900
-0.127000 -0.034200 0.991300
-0.119400 0.017300 0.992700
-0.960900 0.102000 0.257300
-0.094300 0.134100 0.986500
-0.285300 0.511800 0.810400
-0.368100 0.635900 0.678400
-0.515100 0.257900 0.817400
-0.071200 0.090200 0.993400
0.185200 0.653200 -0.734200
0.778600 0.082100 -0.622100
0.794600 0.605100 -0.050000
0.431300 0.481000 -0.763300
-0.983500 0.167300 -0.069300
-0.993200 -0.079800 -0.084900
-0.655500 0.113500 -0.746600
-0.527200 0.539400 -0.656600
-0.536800 0.840500 -0.073700
-0.569900 0.581100 0.581000
0.983500 0.166900 -0.070300
0.569900 0.581100 0.581100
0.536800 0.840500 -0.073700
0.527200 0.538400 -0.657400
0.657200 0.113600 -0.745100
0.993200 -0.077500 -0.086900
-0.162000 -0.051000 -0.985500
0.697600 0.062800 -0.713700
-0.689800 0.067100 -0.720900
0.165800 -0.048300 -0.985000
0.000000 0.956100 -0.293100
0.000000 0.875000 0.484100
0.000300 0.448100 -0.894000
0.000000 0.114000 0.993500
-0.876800 0.114000 0.467100
0.018800 -0.300000 0.953800
0.125900 -0.991700 0.026700
0.321100 -0.938400 0.128000
0.228400 -0.536000 0.812700
-0.037000 -0.012300 0.999200
0.039200 -0.966500 0.253800
0.000000 -0.689700 -0.724100
0.746800 0.081800 0.660000
-0.753000 0.081000 0.653000
0.634900 0.125500 -0.762300
-0.625500 0.122100 -0.770600
-0.310200 -0.946100 -0.093500
0.634600 0.762200 0.128200
0.359400 0.011200 -0.933100
0.975600 -0.212000 0.056200
0.292400 -0.012800 0.956200
0.415100 -0.909600 -0.017800
-0.632700 0.765200 0.119300
-0.292500 0.000500 0.956300
-0.976000 -0.209600 0.058700
-0.359400 0.011200 -0.933100
-0.416600 -0.909000 -0.011100
0.442700 -0.029100 0.896200
0.881300 0.118600 0.457400
0.610500 -0.533300 -0.585500
-0.440600 -0.620800 -0.648400
0.304900 -0.624900 -0.718700
-0.442000 -0.584200 -0.680700
-0.792200 -0.413500 -0.448700
-0.968300 -0.249800 -0.005400
0.969600 -0.244400 -0.009200
0.982600 -0.031800 0.182800
0.933100 0.295800 0.204700
-0.950000 0.044500 -0.309200
-0.640700 0.411800 0.648000
1.000000 0.000000 0.000000
0.824200 -0.367700 -0.430600
-0.786800 -0.478500 -0.389900
0.819000 -0.451800 -0.353800
-0.098500 0.248700 0.963600
-0.049200 -0.967700 -0.247100
-0.087000 0.540200 -0.837000
-0.609100 0.304400 0.732300
-0.181800 -0.869600 -0.459100
0.599600 0.553000 -0.578400
0.880600 0.301300 0.365700
-0.344400 -0.838900 0.421500
-0.692000 0.572100 -0.440300
0.794500 0.295700 -0.530400
0.058400 -0.823800 0.563900
-0.746100 0.578300 0.329900
0.168800 -0.386100 0.906900
0.064800 0.997900 0.000000
0.168800 -0.386100 -0.906900
-0.041700 0.403600 0.914000
-0.368200 -0.929700 0.000000
-0.041700 0.403600 -0.914000
0.875700 0.450700 -0.173100
0.058200 -0.947400 0.314800
-0.857800 0.448900 0.250300
-0.353800 -0.903700 -0.241100
0.188600 -0.971800 -0.141800
-0.228400 -0.536000 0.812700
0.459100 0.210500 0.863100
-0.988400 0.146700 -0.040200
0.446700 -0.096300 -0.889500
0.509900 0.565200 0.648500
-0.986000 0.111900 -0.123700
0.471600 -0.460800 -0.751800
0.449000 0.057200 0.891700
-0.988700 0.150200 0.000000
0.449000 0.057200 -0.891700
0.455900 -0.303100 0.836800
-0.987200 0.131300 0.090600
0.484000 0.414900 -0.770400
0.523200 0.631800 0.572000
0.481300 -0.534300 -0.694900
0.477300 0.368700 0.797600
-0.987500 0.135800 -0.079600
0.452600 -0.255900 -0.854200
0.473000 -0.472300 0.743800
-0.985900 0.110200 0.125900
0.511900 0.575700 -0.637500
0.329400 -0.278200 0.902300
-0.515100 0.857100 0.000000
0.329400 -0.278200 -0.902300
0.467000 0.287000 0.836400
-0.988000 0.142400 -0.059600
0.448500 -0.173100 -0.876800
0.449500 -0.196800 0.871300
-0.987900 0.140700 0.065500
0.469700 0.310400 -0.826500
-0.386700 -0.211400 0.897600
0.689100 0.724700 0.000000
-0.386700 -0.211400 -0.897600
-0.459100 0.210500 0.863100
0.988400 0.146700 -0.040200
-0.446700 -0.096300 -0.889500
-0.509900 0.565200 0.648500
0.986000 0.111900 -0.123700
-0.471600 -0.460800 -0.751800
-0.449000 0.057200 0.891700
0.988700 0.150200 0.000000
-0.449000 0.057200 -0.891700
-0.455900 -0.303100 0.836800
0.987200 0.131300 0.090600
-0.484000 0.414900 -0.770400
-0.523200 0.631800 0.572000
-0.481300 -0.534300 -0.694900
-0.477300 0.368700 0.797600
0.987500 0.135800 -0.079600
-0.452600 -0.255900 -0.854200
-0.473000 -0.472300 0.743800
0.985900 0.110200 0.125900
-0.511900 0.575700 -0.637500
-0.319400 0.227000 0.920000
0.974700 0.215100 -0.061100
-0.307900 -0.099900 -0.946200
-0.362400 0.614000 0.701200
0.968900 0.161600 -0.187500
-0.325500 -0.492100 -0.807400
-0.355500 0.565800 0.744000
-0.321500 -0.441600 -0.837600
-0.326500 -0.504700 0.799200
0.968700 0.159000 0.190800
-0.364100 0.625800 -0.689800
-0.310600 0.063400 0.948400
0.975400 0.220600 0.000000
-0.310600 0.063400 -0.948400
-0.309100 -0.194400 0.930900
0.973700 0.207100 0.095100
-0.327200 0.321800 -0.888500
-0.323900 0.283800 0.902500
0.974100 0.210700 -0.081700
-0.308400 -0.156500 -0.938300
636
0 0 1 2 0 1 2 1
0 2 1 3 2 1 3 1
0 1 4 3 1 4 3 1
0 3 4 5 3 4 5 1
0 4 6 5 4 6 5 1
0 5 6 7 5 6 7 1
0 6 8 7 6 8 7 1
0 7 8 9 7 8 9 1
0 8 10 9 8 10 9 1
0 9 10 11 9 10 11 1
0 10 12 11 10 12 11 1
0 11 12 13 11 12 13 1
0 12 14 13 12 14 13 1
0 13 14 15 13 14 15 1
0 14 16 15 14 16 15 1
0 15 16 17 15 16 17 1
0 16 18 17 16 18 17 1
0 19 20 21 19 20 21 1
0 21 20 22 21 20 22 1
0 20 23 22 20 23 22 1
0 22 23 24 22 23 24 1
0 23 25 24 23 25 24 1
0 24 25 26 24 25 26 1
0 25 27 26 25 27 26 1
0 26 27 28 26 27 28 1
0 27 29 28 27 29 28 1
0 28 29 30 28 29 30 1
0 29 31 30 29 31 30 1
0 30 31 32 30 31 32 1
0 31 33 32 31 33 32 1
0 32 33 34 32 33 34 1
0 33 35 34 33 35 34 1
0 34 35 36 34 35 36 1
0 35 37 36 35 37 36 1
0 38 39 40 38 39 40 1
0 40 39 41 40 39 41 1
0 39 42 41 39 42 41 1
0 41 42 43 41 42 43 1
0 42 44 43 42 44 43 1
0 43 44 45 43 44 45 1
0 44 46 45 44 46 45 1
0 45 46 47 45 46 47 1
0 46 48 47 46 48 47 1
0 47 48 49 47 48 49 1
0 48 50 49 48 50 49 1
0 49 50 51 49 50 51 1
0 50 52 51 50 52 51 1
0 51 52 53 51 52 53 1
0 52 54 53 52 54 53 1
0 53 54 55 53 54 55 1
0 54 56 55 54 56 55 1
0 57 58 59 57 58 59 1
0 59 58 60 59 58 60 1
0 58 61 60 58 61 60 1
0 60 61 62 60 61 62 1
0 61 63 62 61 63 62 1
0 62 63 64 62 63 64 1
0 63 65 64 63 65 64 1
0 64 65 66 64 65 66 1
0 65 67 66 65 67 66 1
0 66 67 68 66 67 68 1
0 67 69 68 67 69 68 1
0 68 69 70 68 69 70 1
0 69 71 70 69 71 70 1
0 70 71 72 70 71 72 1
0 71 73 72 71 73 72 1
0 72 73 74 72 73 74 1
0 73 75 74 73 75 74 1
0 76 77 78 76 77 78 1
0 78 77 79 78 77 79 1
0 77 80 79 77 80 79 1
0 79 80 81 79 80 81 1
0 80 82 81 80 82 81 1
0 81 82 83 81 82 83 1
0 82 84 83 82 84 83 1
0 83 84 85 83 84 85 1
0 84 86 85 84 86 85 1
0 85 86 87 85 86 87 1
0 86 88 87 86 88 87 1
0 87 88 89 87 88 89 1
0 88 90 89 88 90 89 1
0 89 90 91 89 90 91 1
0 90 92 91 90 92 91 1
0 93 94 95 93 94 95 1
0 95 94 96 95 94 96 1
0 94 97 96 94 97 96 1
0 96 97 98 96 97 98 1
0 97 99 98 97 99 98 1
0 98 99 100 98 99 100 1
0 99 101 100 99 101 100 1
0 100 101 102 100 101 102 1
0 101 103 102 101 103 102 1
0 102 103 104 102 103 104 1
0 103 105 104 103 105 104 1
0 104 105 106 104 105 106 1
0 105 107 106 105 107 106 1
0 108 109 110 98 108 109 1
0 110 109 111 109 108 110 1
0 109 86 111 108 86 110 1
0 111 86 112 110 86 111 1
0 86 113 112 86 110 111 1
0 112 113 114 111 110 112 1
0 113 82 114 110 82 112 1
0 114 82 115 112 82 113 1
0 82 77 115 82 77 113 1
0 115 77 116 113 77 114 1
0 77 76 116 77 76 114 1
0 93 117 94 93 115 94 1
0 94 117 97 94 115 97 1
0 117 118 97 115 116 97 1
0 97 118 119 97 116 117 1
0 118 120 119 116 118 117 1
0 119 120 99 117 118 99 1
0 120 121 99 118 119 99 1
0 99 121 101 99 119 101 1
0 121 122 101 119 120 101 1
0 101 122 123 101 120 85 1
0 122 124 123 120 83 85 1
0 125 126 127 121 122 123 1
0 127 126 128 123 122 124 1
0 126 129 128 122 125 124 1
0 128 129 130 124 125 126 1
0 129 131 130 125 127 126 1
0 130 131 132 126 127 128 1
0 131 133 132 127 129 128 1
0 132 133 134 128 129 130 1
0 133 126 134 129 122 130 1
0 134 126 135 130 122 131 1
0 126 136 135 122 132 131 1
0 137 138 139 16 133 134 1
0 139 138 140 134 133 135 1
0 138 141 140 133 136 135 1
0 140 141 142 135 136 137 1
0 141 143 142 136 138 137 1
0 142 143 144 137 138 139 1
0 143 145 144 138 140 139 1
0 144 145 146 139 140 141 1
0 145 147 146 140 142 141 1
0 146 147 148 141 142 91 1
0 147 149 148 142 143 91 1
0 150 151 152 144 0 145 1
0 152 151 153 145 0 18 1
0 151 154 153 0 2 18 1
0 153 154 155 18 2 17 1
0 154 156 155 2 3 17 1
0 155 156 157 17 3 15 1
0 156 158 157 3 5 15 1
0 157 158 159 15 5 13 1
0 158 160 159 5 7 13 1
0 159 160 161 13 7 11 1
0 160 162 161 7 9 11 1
0 163 164 165 28 30 26 1
0 165 164 166 26 30 24 1
0 164 167 166 30 32 24 1
0 166 167 168 24 32 22 1
0 167 169 168 32 34 22 1
0 168 169 170 22 34 21 1
0 169 171 170 34 36 21 1
0 170 171 172 21 36 19 1
0 171 173 172 36 37 19 1
0 172 173 174 19 37 146 1
0 173 175 174 37 147 146 1
0 176 177 178 148 149 150 1
0 178 177 179 150 149 151 1
0 177 180 179 149 152 151 1
0 179 180 181 151 152 153 1
0 180 182 181 152 154 153 1
0 181 182 183 153 154 155 1
0 182 184 183 154 156 155 1
0 183 184 185 155 156 157 1
0 184 186 185 156 158 157 1
0 185 186 187 157 158 159 1
0 186 188 187 158 20 159 1
0 189 190 191 160 161 162 1
0 189 192 190 160 163 161 1
0 189 193 192 160 164 163 1
0 189 194 193 160 165 164 1
0 189 195 194 160 166 165 1
0 189 196 195 160 167 166 1
0 189 197 196 160 168 167 1
0 189 198 197 160 169 168 1
0 189 199 198 160 170 169 1
0 189 191 199 160 162 170 1
0 200 201 202 171 172 163 1
0 200 203 201 171 173 172 1
0 200 204 203 171 170 173 1
0 200 205 204 171 169 170 1
0 200 206 205 171 168 169 1
0 200 207 206 171 174 168 1
0 200 208 207 171 175 174 1
0 200 209 208 171 165 175 1
0 200 210 209 171 164 165 1
0 200 202 210 171 163 164 1
0 211 212 213 51 53 49 1
0 213 212 214 49 53 47 1
0 212 215 214 53 176 47 1
0 214 215 216 47 176 177 1
0 215 217 216 176 178 177 1
0 216 217 218 177 178 45 1
0 217 219 218 178 38 45 1
0 218 219 220 45 38 43 1
0 219 221 220 38 40 43 1
0 220 221 222 43 40 41 1
0 223 224 225 179 180 181 1
0 223 226 224 179 182 180 1
0 223 227 226 179 183 182 1
0 223 228 227 179 184 183 1
0 223 229 228 179 185 184 1
0 223 230 229 179 186 185 1
0 223 231 230 179 187 186 1
0 223 232 231 179 188 187 1
0 223 233 232 179 189 188 1
0 223 225 233 179 181 189 1
0 234 235 236 190 189 191 1
0 234 237 235 190 188 189 1
0 234 238 237 190 187 188 1
0 234 239 238 190 192 187 1
0 234 240 239 190 193 192 1
0 234 241 240 190 184 193 1
0 234 242 241 190 183 184 1
0 234 243 242 190 182 183 1
0 234 244 243 190 194 182 1
0 234 236 244 190 191 194 1
0 245 246 247 1 195 196 1
0 247 246 248 196 195 197 1
0 246 249 248 195 139 197 1
0 248 249 250 197 139 198 1
0 249 251 250 139 199 198 1
0 250 251 252 198 199 136 1
0 251 253 252 199 200 136 1
0 252 253 254 136 200 201 1
0 253 255 254 200 202 201 1
0 255 256 257 202 203 204 1
0 257 256 258 204 203 156 1
0 256 259 258 203 205 156 1
0 258 259 260 156 205 206 1
0 259 261 260 205 153 206 1
0 260 261 262 206 153 207 1
0 261 263 262 153 208 207 1
0 262 263 264 207 208 209 1
0 263 265 264 208 35 209 1
0 266 267 268 79 210 78 1
0 268 267 269 78 210 211 1
0 267 270 269 210 212 211 1
0 269 270 118 211 212 116 1
0 270 271 118 212 213 116 1
0 118 271 120 116 213 118 1
0 271 122 120 213 120 118 1
0 120 122 121 118 120 119 1
0 272 273 110 214 215 109 1
0 272 274 273 214 95 215 1
0 272 275 274 214 93 95 1
0 272 276 275 214 216 93 1
0 272 277 276 214 217 216 1
0 272 115 277 214 113 217 1
0 272 110 115 214 109 113 1
0 278 279 280 218 131 132 1
0 278 281 279 218 219 131 1
0 278 282 281 218 220 219 1
0 278 283 282 218 221 220 1
0 278 284 283 218 222 221 1
0 278 285 284 218 223 222 1
0 278 280 285 218 132 223 1
0 286 287 288 224 121 123 1
0 286 289 287 224 225 121 1
0 286 290 289 224 226 225 1
0 286 291 290 224 227 226 1
0 286 292 291 224 228 227 1
0 286 293 292 224 229 228 1
0 286 288 293 224 123 229 1
0 16 294 18 16 134 18 1
0 18 294 295 18 134 145 1
0 294 296 295 134 230 145 1
0 295 296 297 145 230 144 1
0 296 298 297 230 231 144 1
0 297 298 0 144 231 0 1
0 298 1 0 231 1 0 1
0 35 299 37 35 232 37 1
0 37 299 300 37 232 147 1
0 299 301 300 232 233 147 1
0 300 301 302 147 233 146 1
0 301 303 302 233 159 146 1
0 302 303 19 146 159 19 1
0 303 20 19 159 20 19 1
0 304 305 306 234 222 235 1
0 304 307 305 234 221 222 1
0 304 308 307 234 236 221 1
0 304 309 308 234 227 236 1
0 304 310 309 234 226 227 1
0 304 306 310 234 235 226 1
0 311 136 126 237 132 122 1
0 311 312 136 237 223 132 1
0 311 313 312 237 235 223 1
0 311 314 313 237 225 235 1
0 311 125 314 237 121 225 1
0 311 126 125 237 122 121 1
0 315 316 317 8 6 10 1
0 317 316 318 10 6 12 1
0 316 319 318 6 4 12 1
0 318 319 320 12 4 14 1
0 319 321 320 4 1 14 1
0 320 321 322 14 1 196 1
0 261 259 323 153 205 238 1
0 323 259 324 238 205 106 1
0 259 256 324 205 203 106 1
0 324 256 325 106 203 239 1
0 256 255 325 203 202 239 1
0 325 255 253 239 202 200 1
0 326 327 328 60 240 59 1
0 328 327 329 59 240 241 1
0 327 330 329 240 242 241 1
0 329 330 331 241 242 243 1
0 330 332 331 242 244 243 1
0 331 332 333 243 244 68 1
0 85 87 334 85 87 107 1
0 334 87 335 107 87 150 1
0 87 89 335 87 89 150 1
0 335 89 336 150 89 148 1
0 89 337 336 89 245 148 1
0 338 339 340 216 246 115 1
0 340 339 341 115 246 116 1
0 339 342 341 246 247 116 1
0 341 342 343 116 247 211 1
0 342 344 343 247 76 211 1
0 345 346 347 76 220 114 1
0 347 346 348 114 220 113 1
0 346 349 348 220 228 113 1
0 348 349 350 113 228 217 1
0 349 351 350 228 216 217 1
0 352 142 144 248 137 139 1
0 352 353 142 248 230 137 1
0 352 354 353 248 231 230 1
0 352 355 354 248 195 231 1
0 352 144 355 248 139 195 1
0 185 356 183 157 233 155 1
0 183 356 357 155 233 249 1
0 356 358 357 233 232 249 1
0 357 358 359 249 232 208 1
0 358 360 359 232 35 208 1
0 361 362 363 27 25 31 1
0 363 362 364 31 25 33 1
0 362 365 364 25 23 33 1
0 364 365 366 33 23 35 1
0 365 367 366 23 209 35 1
0 368 369 370 204 245 202 1
0 370 369 371 202 245 201 1
0 369 149 371 245 143 201 1
0 371 149 145 201 143 140 1
0 149 147 145 143 142 140 1
0 199 191 372 170 162 178 1
0 372 191 373 178 162 56 1
0 191 190 373 162 161 56 1
0 373 190 374 56 161 55 1
0 190 192 374 161 163 55 1
0 202 201 375 163 172 55 1
0 375 201 376 55 172 250 1
0 201 203 376 172 173 250 1
0 376 203 377 250 173 178 1
0 203 204 377 173 170 178 1
0 378 195 196 251 166 167 1
0 378 379 195 251 252 166 1
0 378 380 379 251 253 252 1
0 378 381 380 251 254 253 1
0 378 196 381 251 167 254 1
0 382 208 383 255 175 252 1
0 382 207 208 255 174 175 1
0 382 384 207 255 254 174 1
0 382 385 384 255 253 254 1
0 382 383 385 255 252 253 1
0 54 44 56 54 44 56 1
0 56 44 386 56 44 178 1
0 44 42 386 44 42 178 1
0 386 42 38 178 42 38 1
0 42 39 38 42 39 38 1
0 233 225 387 189 181 59 1
0 387 225 388 59 181 57 1
0 225 224 388 181 180 57 1
0 388 224 389 57 180 243 1
0 224 226 389 180 182 243 1
0 243 244 390 182 194 243 1
0 390 244 391 243 194 241 1
0 244 236 391 194 191 241 1
0 391 236 392 241 191 59 1
0 236 235 392 191 189 59 1
0 393 229 230 256 185 186 1
0 393 394 229 256 257 185 1
0 393 395 394 256 258 257 1
0 393 396 395 256 259 258 1
0 393 230 396 256 186 259 1
0 397 398 239 260 259 192 1
0 397 399 398 260 258 259 1
0 397 400 399 260 257 258 1
0 397 240 400 260 193 257 1
0 397 239 240 260 192 193 1
0 57 69 58 57 69 58 1
0 58 69 61 58 69 61 1
0 69 67 61 69 67 61 1
0 61 67 63 61 67 63 1
0 67 65 63 67 65 63 1
0 331 327 332 243 240 244 1
0 332 327 401 244 240 66 1
0 327 326 401 240 60 66 1
0 401 326 402 66 60 64 1
0 326 403 402 60 62 64 1
0 122 270 124 120 212 83 1
0 124 270 404 83 212 81 1
0 270 267 404 212 210 81 1
0 404 267 266 81 210 79 1
0 108 405 109 98 100 108 1
0 109 405 86 108 100 86 1
0 405 90 86 100 90 86 1
0 86 90 88 86 90 88 1
0 406 407 408 261 262 92 1
0 406 251 407 261 199 262 1
0 406 253 251 261 200 199 1
0 406 325 253 261 239 200 1
0 260 262 258 206 207 156 1
0 258 262 409 156 207 158 1
0 262 264 409 207 209 158 1
0 409 264 410 158 209 20 1
0 182 180 184 154 152 156 1
0 184 180 368 156 152 204 1
0 180 176 368 152 148 204 1
0 368 176 369 204 148 245 1
0 48 46 50 48 46 50 1
0 50 46 52 50 46 52 1
0 46 44 52 46 44 52 1
0 52 44 54 52 44 54 1
0 57 411 69 57 243 69 1
0 69 411 71 69 243 71 1
0 411 75 71 243 75 71 1
0 71 75 73 71 75 73 1
0 112 114 111 111 112 110 1
0 111 114 110 110 112 109 1
0 114 115 110 112 113 109 1
0 274 412 273 95 96 215 1
0 273 412 110 215 96 109 1
0 412 108 110 96 98 109 1
0 413 414 415 263 264 265 1
0 415 414 416 265 264 266 1
0 414 417 416 264 267 266 1
0 282 418 281 220 268 219 1
0 281 418 419 219 268 130 1
0 418 415 419 268 128 130 1
0 307 308 420 221 236 220 1
0 420 308 421 220 236 228 1
0 308 309 421 236 227 228 1
0 292 293 417 228 229 269 1
0 417 293 422 269 229 124 1
0 293 288 422 229 123 124 1
0 252 423 248 136 133 197 1
0 248 423 247 197 133 196 1
0 423 424 247 133 16 196 1
0 144 146 425 139 141 262 1
0 425 146 426 262 141 92 1
0 146 148 426 141 91 92 1
0 178 179 427 150 151 107 1
0 427 179 428 107 151 238 1
0 179 181 428 151 153 238 1
0 102 104 429 102 104 261 1
0 429 104 430 261 104 239 1
0 104 106 430 104 106 239 1
0 333 431 432 68 70 75 1
0 432 431 433 75 70 74 1
0 431 434 433 70 72 74 1
0 123 105 101 85 105 101 1
0 101 105 103 101 105 103 1
0 86 84 113 86 84 110 1
0 113 84 82 110 84 82 1
0 435 436 102 270 271 102 1
0 102 436 100 102 271 100 1
0 337 89 437 245 89 143 1
0 437 89 91 143 89 91 1
0 142 353 140 137 230 135 1
0 140 353 139 135 230 134 1
0 371 145 141 201 140 136 1
0 141 145 143 136 140 138 1
0 183 357 181 155 249 153 1
0 181 357 359 153 249 208 1
0 438 439 440 107 272 85 1
0 440 439 441 85 272 273 1
0 442 443 444 100 271 92 1
0 444 443 445 92 271 270 1
0 446 215 447 250 176 55 1
0 447 215 212 55 176 53 1
0 216 448 217 274 274 274 1
0 217 448 446 274 274 274 1
0 449 117 93 216 115 93 1
0 119 99 97 117 99 97 1
0 270 122 271 212 120 213 1
0 77 82 80 77 82 80 1
0 269 450 268 211 76 78 1
0 451 105 452 272 105 273 1
0 92 90 405 92 90 100 1
0 305 453 306 222 223 235 1
0 310 306 454 226 235 225 1
0 422 416 417 124 126 269 1
0 419 279 281 130 131 219 1
0 418 455 415 275 263 265 1
0 456 339 457 267 264 276 1
0 458 459 342 275 277 263 1
0 344 342 459 76 247 220 1
0 460 461 462 129 127 122 1
0 463 464 465 122 127 125 1
0 249 407 251 139 262 199 1
0 248 250 252 197 198 136 1
0 354 355 466 231 195 1 1
0 467 320 322 16 14 196 1
0 187 356 185 159 233 157 1
0 361 363 468 27 31 29 1
0 469 367 365 20 209 23 1
0 102 429 470 102 261 92 1
0 323 324 471 238 106 107 1
0 472 473 474 278 278 278 1
0 472 475 473 279 279 279 1
0 472 474 475 280 280 280 1
0 476 477 478 281 281 281 1
0 476 479 477 282 282 282 1
0 476 478 479 283 283 283 1
0 480 481 482 284 284 284 1
0 480 483 481 285 285 285 1
0 480 482 483 286 286 286 1
0 484 485 486 287 287 287 1
0 484 487 485 288 288 288 1
0 484 486 487 289 289 289 1
0 488 489 490 290 290 290 1
0 488 491 489 291 291 291 1
0 488 490 491 292 292 292 1
0 492 493 494 290 290 290 1
0 492 495 493 291 291 291 1
0 492 494 495 292 292 292 1
0 496 497 498 290 290 290 1
0 496 499 497 291 291 291 1
0 496 498 499 292 292 292 1
0 500 501 502 293 293 293 1
0 500 503 501 294 294 294 1
0 500 502 503 295 295 295 1
0 504 505 506 293 293 293 1
0 504 507 505 294 294 294 1
0 504 506 507 295 295 295 1
0 508 509 510 293 293 293 1
0 508 511 509 294 294 294 1
0 508 510 511 295 295 295 1
0 512 513 514 296 296 296 1
0 512 515 513 297 297 297 1
0 512 514 515 298 298 298 1
0 516 517 518 273 105 85 1
0 435 102 470 299 299 299 1
0 107 105 451 300 300 300 1
0 194 195 379 165 166 252 1
0 381 196 197 254 167 168 1
0 383 208 209 252 175 165 1
0 206 207 384 168 174 254 1
0 448 215 446 301 301 301 1
0 519 520 521 302 302 302 1
0 519 522 520 303 303 303 1
0 519 521 522 304 304 304 1
0 523 524 525 305 305 305 1
0 523 526 524 306 306 306 1
0 523 525 526 307 307 307 1
0 527 528 529 308 308 308 1
0 527 530 528 309 309 309 1
0 527 529 530 310 310 310 1
0 531 532 533 311 311 311 1
0 531 534 532 312 312 312 1
0 531 533 534 313 313 313 1
0 535 536 537 314 314 314 1
0 535 538 536 306 306 306 1
0 535 537 538 315 315 315 1
0 539 540 541 316 316 316 1
0 539 542 540 317 317 317 1
0 539 541 542 318 318 318 1
0 543 544 545 319 319 319 1
0 543 546 544 320 320 320 1
0 543 545 546 321 321 321 1
0 547 548 549 322 322 322 1
0 547 550 548 323 323 323 1
0 547 549 550 324 324 324 1
0 551 552 553 325 325 325 1
0 551 554 552 326 326 326 1
0 551 553 554 327 327 327 1
0 555 556 557 328 328 328 1
0 555 558 556 329 329 329 1
0 555 557 558 330 330 330 1
0 231 396 230 187 259 186 1
0 394 228 229 257 184 185 1
0 398 238 239 259 187 192 1
0 241 400 240 184 257 193 1
0 432 331 333 75 243 68 1
0 559 560 561 331 331 331 1
0 559 561 562 332 332 332 1
0 559 562 560 333 333 333 1
0 563 564 565 334 334 334 1
0 563 565 566 335 335 335 1
0 563 566 564 336 336 336 1
0 567 568 569 337 337 337 1
0 567 569 570 338 338 338 1
0 567 570 568 339 339 339 1
0 571 572 573 340 340 340 1
0 571 573 574 341 341 341 1
0 571 574 572 342 342 342 1
0 575 576 577 343 343 343 1
0 575 577 578 344 344 344 1
0 575 578 576 345 345 345 1
0 579 580 581 346 346 346 1
0 579 581 582 338 338 338 1
0 579 582 580 347 347 347 1
0 583 584 585 348 348 348 1
0 583 585 586 349 349 349 1
0 583 586 584 350 350 350 1
0 587 588 589 351 351 351 1
0 587 589 590 352 352 352 1
0 587 590 588 353 353 353 1
0 591 592 593 354 354 354 1
0 591 593 594 355 355 355 1
0 591 594 592 356 356 356 1
0 595 596 597 357 357 357 1
0 595 597 598 358 358 358 1
0 595 598 596 359 359 359 1
0 599 600 601 360 360 360 1
0 599 601 602 358 358 358 1
0 599 602 600 361 361 361 1
0 603 604 605 362 362 362 1
0 603 605 606 363 363 363 1
0 603 606 604 364 364 364 1
0 607 608 609 365 365 365 1
0 607 609 610 366 366 366 1
0 607 610 608 367 367 367 1
0 611 612 613 368 368 368 1
0 611 613 614 369 369 369 1
0 611 614 612 370 370 370 1
0 615 616 617 371 371 371 1
0 615 617 618 372 372 372 1
0 615 618 616 373 373 373 1
0 339 338 457 246 216 228 1
0 177 176 180 149 148 152 1

Materials: 1
"skin.bmp"
0.200000 0.200000 0.200000 1.000000
0.800000 0.800000 0.800000 1.000000
0.000000 0.000000 0.000000 1.000000
0.000000 0.000000 0.000000 1.000000
0.000000
1.000000
"skin.bmp"
""

Bones: 40
"Bip01"
""
8 0.233847 39.526119 -1.626864 -1.570796 -1.570795 0.000000
0
0
"Bip01 Pelvis"
"Bip01"
8 0.866404 0.000000 0.000000 -1.570795 -1.570451 0.000000
0
0
"Bip01 L Leg"
"Bip01 Pelvis"
8 -0.000005 0.000007 3.713254 -3.139505 -0.183352 3.119685
0
0
"Bip01 L Leg1"
"Bip01 L Leg"
8 18.045725 0.000000 0.000001 0.000000 0.000000 -0.121501
0
0
"Bip01 L Foot"
"Bip01 L Leg1"
8 17.597597 0.000000 0.000000 0.001908 -0.008822 0.099944
0
0
"Bip01 L Toe0"
"Bip01 L Foot"
8 3.793089 6.407220 0.000000 0.000000 0.000000 1.570796
0
0
"Bip01 L Toe01"
"Bip01 L Toe0"
8 0.935740 0.000000 0.000000 0.000000 0.000000 0.000000
0
0
"Bip01 L Toe02"
"Bip01 L Toe01"
8 0.935740 0.000000 0.000000 0.000000 0.000000 0.000000
0
0
"Bip01 R Leg"
"Bip01 Pelvis"
8 0.000005 -0.000003 -3.713254 3.139026 0.183358 3.116632
0
0
"Bip01 R Leg1"
"Bip01 R Leg"
8 18.045725 0.000000 -0.000002 0.000000 0.000000 -0.127551
0
0
"Bip01 R Foot"
"Bip01 R Leg1"
8 17.597601 0.000000 -0.000002 -0.001985 0.043737 0.102921
0
0
"Bip01 R Toe0"
"Bip01 R Foot"
8 3.793089 6.407221 0.000000 0.000000 0.000000 1.570796
0
0
"Bip01 R Toe01"
"Bip01 R Toe0"
8 0.935741 0.000000 -0.000001 0.000000 0.000000 0.000000
0
0
"Bip01 R Toe02"
"Bip01 R Toe01"
8 0.935740 0.000000 0.000001 0.000000 0.000000 0.000000
0
0
"Bip01 Spine"
"Bip01 Pelvis"
8 1.294143 0.684559 -0.000001 -0.000004 -0.000001 0.227574
0
0
"Bip01 Spine1"
"Bip01 Spine"
8 5.309419 -0.003806 0.000000 0.000000 0.000000 -0.139556
0
0
"Bip01 Spine2"
"Bip01 Spine1"
8 4.826349 -0.004528 0.000000 0.000000 0.000001 -0.191889
0
0
"Bip01 Spine3"
"Bip01 Spine2"
8 5.792860 -0.005301 0.000000 0.000000 0.000000 0.034889
0
0
"Bip01 Neck"
"Bip01 Spine3"
8 6.662898 -0.000959 0.000000 -0.000001 -0.000002 0.942000
0
0
"Bip01 Head"
"Bip01 Neck"
8 2.046984 -0.000001 0.000000 0.000000 0.000002 -0.593909
0
0
"Bip01 L Arm"
"Bip01 Neck"
8 -2.085405 2.764388 4.341913 -0.000009 -1.370798 2.198805
0
0
"Bip01 L Arm1"
"Bip01 L Arm"
8 4.827231 0.000000 0.000001 0.070861 -0.264928 -0.004699
0
0
"Bip01 L Arm2"
"Bip01 L Arm1"
8 11.139763 0.000000 -0.000001 0.000000 0.000000 -0.051647
0
0
"Bip01 L Hand"
"Bip01 L Arm2"
8 10.314595 0.000000 -0.000002 -1.570000 0.000000 -0.069778
0
0
"Bip01 L Finger0"
"Bip01 L Hand"
8 1.646739 0.449550 -1.702246 0.154002 0.442277 0.277235
0
0
"Bip01 L Finger01"
"Bip01 L Finger0"
8 0.928311 -0.000002 -0.000002 0.000000 0.000000 0.000000
0
0
"Bip01 L Finger02"
"Bip01 L Finger01"
8 0.928316 0.000003 0.000000 0.000000 0.000000 0.000000
0
0
"Bip01 L Finger1"
"Bip01 L Hand"
8 2.975834 -0.386306 -0.044143 -0.000797 -0.043611 0.000035
0
0
"Bip01 L Finger11"
"Bip01 L Finger1"
8 1.438886 0.000001 0.000000 0.000000 0.000000 0.314000
0
0
"Bip01 L Finger12"
"Bip01 L Finger11"
8 1.485301 0.000002 0.000000 0.000000 0.000000 0.104667
0
0
"Bip01 R Arm"
"Bip01 Neck"
8 -1.923020 2.549735 -4.140393 -0.000009 1.370794 2.198787
0
0
"Bip01 R Arm1"
"Bip01 R Arm"
8 4.972046 0.000000 -0.000003 -0.070696 0.256228 -0.004061
0
0
"Bip01 R Arm2"
"Bip01 R Arm1"
8 11.585353 0.000000 -0.000001 0.000000 0.000000 -0.051647
0
0
"Bip01 R Hand"
"Bip01 R Arm2"
8 10.127057 0.000000 0.000000 1.569752 0.000000 -0.069778
0
0
"Bip01 R Finger0"
"Bip01 R Hand"
8 1.533667 0.109713 1.664491 -0.233255 -0.412980 0.435684
0
0
"Bip01 R Finger01"
"Bip01 R Finger0"
8 0.928313 -0.000005 -0.000001 0.000000 0.000000 0.000000
0
0
"Bip01 R Finger02"
"Bip01 R Finger01"
8 0.928314 0.000004 -0.000001 0.000000 0.000000 0.000000
0
0
"Bip01 R Finger1"
"Bip01 R Hand"
8 2.683746 -0.427338 0.044205 0.001045 0.043611 0.000046
0
0
"Bip01 R Finger11"
"Bip01 R Finger1"
8 1.438886 -0.000002 0.000000 0.000000 0.000000 0.331445
0
0
"Bip01 R Finger12"
"Bip01 R Finger11"
8 1.485301 0.000003 0.000000 0.000000 0.000000 0.000000
0
0
